#type       avg     std     min      p5     p10     p50     p67     p75     p80     p85     p90     p95     p99    p999   p9999     QPS   target
read     2710.5  3413.7   187.4  1390.1  1409.7  1567.4  3091.9  3643.4  3745.6  3847.6  3949.5  4051.4 24063.7 32107.9 41764.5   5031.8     5000
read     2024.0  2606.3   173.5   287.3   335.2  1568.6  1685.8  1823.5  3505.0  3621.5  3738.0  3935.1 13512.3 30921.6 37957.5   9986.0    10000
read     1490.5  1856.5   173.5   290.7   337.5  1496.8  1611.0  1705.0  1783.6  1921.1  3189.5  3640.1  4058.9 29388.2 35585.5  15057.9    15000
read     1207.1  1150.1   173.5   293.1   342.5   827.4  1562.4  1647.3  1728.9  1821.0  1986.7  2984.7  3697.3 15788.7 29738.3  20079.0    20000
read     1125.7  1079.5   160.7   292.3   340.7   719.4  1526.9  1616.2  1718.0  1822.6  1973.8  2630.2  3659.7 12798.1 31700.4  24993.6    25000
read     2953.1  4319.9   218.6   899.7   968.4  1219.1  2157.6  4825.6  4950.3  5075.0  5645.2  6414.8 30642.9 37647.1 46567.6  26969.2    30000
read     2920.2  4319.2   218.6   910.1   965.7  1172.5  2085.2  4806.5  4941.3  5076.0  5728.4  8745.0 30388.9 38798.1 51191.9  27295.8    35000
read     2909.9  4338.8   187.4   887.5   951.0  1177.8  2055.8  4801.8  4935.8  5069.8  5690.1  8472.2 30305.8 39356.5 50949.3  27466.0    40000
read     2945.6  4254.7   255.0   919.7   976.4  1212.6  2138.7  4824.0  4953.0  5082.0  5687.8  8293.6 29621.2 39048.9 52165.3  26927.6    45000
read     2977.4  4238.9   236.1   919.5   985.7  1243.1  2203.2  4838.5  4964.6  5090.7  5682.5  6541.0 30362.7 37707.3 45566.0  26558.4    50000
read     2933.6  4235.7   218.6   908.1   969.2  1188.2  2145.1  4830.7  4951.9  5073.2  5663.7  6380.3 30466.8 37230.7 43170.5  27107.4    55000
Warning! Detected max cpu usage > 95%
CPU Usage Stats (avg/min/max): 73.37%,2.01%,100.00%
