#type       avg     std     min      p5     p10     p50     p67     p75     p80     p85     p90     p95     p99    p999   p9999     QPS   target
read     2788.8  3653.4   173.5  1393.6  1414.5  1573.7  3321.5  3655.1  3760.3  3860.5  3960.1  4059.7 25167.3 32213.6 61009.3   4991.8     5000
read     1966.6  2307.4   160.7   285.0   332.1  1569.3  1687.1  1833.7  3511.2  3623.8  3736.5  3925.8  8277.0 30195.0 35706.6   9934.6    10000
read     1478.5  1765.9   160.7   288.5   333.7  1501.2  1617.3  1712.6  1792.0  1932.4  3219.6  3652.0  4050.4 29250.1 35819.2  15040.6    15000
read     1221.3  1276.7   173.5   290.9   339.9   867.3  1566.3  1651.3  1730.4  1823.0  1990.4  3007.9  3742.9 19218.2 33883.9  19819.6    20000
read     1132.0  1183.2   173.5   290.3   338.7   730.1  1526.1  1614.5  1715.6  1819.1  1963.9  2601.7  3614.8 18096.1 35248.4  24955.8    25000
read     2678.1  4110.0   173.5   610.8   844.8  1164.7  1892.2  2409.6  4849.8  5008.7  5551.6  6889.1 29874.9 37834.4 48865.0  27554.4    30000
read     2760.5  4077.5   202.4   848.0   908.5  1121.2  1991.4  4781.3  4910.5  5039.6  5575.0  5973.7 29175.6 37830.5 49085.9  28607.2    35000
read     3036.4  4325.1   173.5   945.4  1013.4  1266.3  2260.8  4851.0  4980.4  5109.9  5712.7  8802.7 30494.2 38411.7 47451.5  26192.4    40000
read     2989.3  4307.7   218.6   916.0   981.1  1238.4  2184.1  4833.0  4961.6  5090.2  5700.1  7956.1 30372.0 37872.9 52870.0  26682.7    45000
read     2877.1  4265.6   202.4   888.1   949.2  1170.5  2056.3  4801.4  4932.3  5063.1  5656.5  6411.9 30389.7 38609.1 50885.8  27697.8    50000
read     2942.3  4229.7   187.4   916.9   977.8  1211.0  2137.2  4827.4  4955.8  5084.2  5699.3  8253.5 29644.2 38331.0 51824.3  26971.2    55000
Warning! Detected max cpu usage > 95%
CPU Usage Stats (avg/min/max): 73.54%,1.52%,100.00%
