#type       avg     std     min      p5     p10     p50     p67     p75     p80     p85     p90     p95     p99    p999   p9999     QPS   target
read     2756.0  3549.6   173.5  1393.6  1412.5  1569.1  3452.5  3652.9  3755.0  3854.1  3952.6  4051.2 25249.5 36448.5 40217.8   4964.8     5000
read     2051.9  2559.4   173.5   293.0   346.3  1573.5  1700.0  1868.3  3521.7  3643.3  3765.0  3957.5 13766.1 30735.5 37943.8   9985.0    10000
read     1521.4  1815.9   173.5   295.6   339.9  1503.5  1618.8  1714.0  1800.3  2003.4  3317.7  3683.6  4152.3 28723.9 32491.8  14833.8    15000
read     1240.9  1167.4   160.7   297.3   348.6  1061.0  1578.1  1670.1  1742.5  1842.1  2185.0  3094.7  3846.5 14807.0 29803.7  19862.4    20000
read     1163.8  1265.6   173.5   295.0   347.4   745.5  1527.1  1624.2  1729.0  1836.0  2000.6  2665.9  4295.9 18536.6 35715.0  25066.6    25000
read     2927.1  4239.2   202.4   894.8   962.3  1209.6  2114.9  4807.9  4942.2  5076.6  5679.2  7755.4 30341.5 37542.1 44104.0  26972.4    30000
read     2989.7  4262.8   202.4   906.8   974.8  1258.0  2203.7  4837.7  4970.2  5102.8  5705.0  6980.2 30318.1 37590.1 49288.7  26507.4    35000
read     2954.7  4314.7   202.4   906.2   967.3  1210.9  2138.5  4824.5  4949.9  5075.3  5664.1  6407.4 30464.6 38287.9 53031.3  27062.0    40000
read     2817.2  4204.2   187.4   851.5   911.6  1143.7  1998.4  4778.1  4913.9  5049.6  5598.2  6046.3 30349.5 37841.9 49862.0  28308.2    45000
read     2942.5  4251.3   173.5   918.7   974.8  1201.4  2140.2  4823.9  4951.8  5079.8  5687.1  8013.0 29922.6 38616.6 48848.6  27010.0    50000
read     2944.4  4210.4   173.5   922.4   978.9  1214.4  2174.9  4839.2  4958.2  5077.2  5631.0  6346.8 29699.2 37913.0 48903.0  27005.2    55000
Warning! Detected max cpu usage > 95%
CPU Usage Stats (avg/min/max): 75.91%,2.51%,100.00%
