#type       avg     std     min      p5     p10     p50     p67     p75     p80     p85     p90     p95     p99    p999   p9999     QPS   target
read     2735.9  3484.7   173.5  1394.5  1415.9  1575.4  3506.7  3661.4  3758.2  3854.1  3949.9  4045.8 25167.0 35562.9 49696.7   5009.4     5000
read     2030.8  2586.1   173.5   291.2   339.8  1577.8  1698.8  1841.6  3506.9  3629.7  3752.5  3945.2 12724.1 31269.3 39757.0  10000.6    10000
read     1495.6  1901.1   160.7   288.2   333.3  1502.3  1614.1  1709.8  1787.4  1895.7  3180.5  3637.7  4438.3 29204.7 37637.3  14978.4    15000
read     1235.2  1282.2   160.7   291.6   339.9   859.8  1580.7  1671.6  1743.8  1839.8  2041.8  3060.9  3780.0 19040.0 31586.0  20019.0    20000
read     1135.3  1161.5   160.7   288.9   337.4   720.9  1530.9  1625.1  1729.2  1830.1  1977.1  2616.5  3729.5 15967.1 31394.4  25007.1    25000
read     2855.0  4157.8   187.4   897.6   960.2  1179.4  2091.3  4800.9  4928.8  5056.8  5637.9  6389.8 29463.2 38226.7 51905.8  27430.4    30000
read     3022.2  4336.4   187.4   934.1  1000.3  1252.8  2215.3  4839.8  4971.2  5102.7  5739.4  8864.8 30111.4 38578.0 52441.5  26374.2    35000
read     2909.9  4210.8   173.5   905.5   968.8  1190.4  2112.0  4815.5  4943.0  5070.6  5680.9  6904.2 30083.1 37719.1 47092.4  27147.4    40000
read     2918.2  4194.4   218.6   904.2   963.9  1189.4  2136.5  4829.6  4952.4  5075.1  5659.7  6366.9 30250.3 37506.5 46558.2  27124.2    45000
read     2948.9  4282.5   202.4   923.9   978.9  1193.3  2134.9  4828.2  4952.3  5076.4  5698.8  7212.8 29984.5 38672.3 47518.1  27058.4    50000
read     2936.9  4347.1   202.4   909.3   969.9  1188.2  2084.0  4806.6  4940.6  5074.5  5721.2  8871.4 30577.6 37862.8 51433.2  27121.8    55000
Warning! Detected max cpu usage > 95%
CPU Usage Stats (avg/min/max): 73.64%,0.51%,100.00%
