#type       avg     std     min      p5     p10     p50     p67     p75     p80     p85     p90     p95     p99    p999   p9999     QPS   target
read      393.0   475.8   160.7   233.2   261.7   371.2   404.0   423.4   435.6   453.3   471.7   505.6   626.7  5606.7 20348.6   4969.6     5000
read      439.1   287.4   160.7   226.8   248.2   432.6   493.3   525.3   547.3   575.3   609.5   662.5   780.1  2707.9  9890.8   9907.8    10000
read      490.2   358.8   160.7   237.1   262.0   461.0   541.7   590.0   628.3   673.2   727.7   802.0   976.4  3767.0 15161.4  15040.6    15000
read      528.2   350.1   160.7   234.6   262.6   496.3   581.7   637.4   684.2   741.0   805.0   891.4  1073.5  5333.8 12443.0  19907.6    20000
read      541.2   302.3   160.7   239.2   264.9   499.7   597.0   663.4   720.6   789.3   869.0   990.9  1237.9  1679.8  9376.5  24998.6    25000
read      571.1   338.8   160.7   237.4   267.5   545.5   654.1   717.3   764.1   819.7   887.1   987.1  1171.3  1888.3 12919.4  29965.0    30000
read      588.8   360.7   160.7   238.6   267.0   542.6   674.3   746.1   795.9   854.4   929.2  1047.9  1366.8  3664.3 12519.5  35113.6    35000
read      606.9   396.9   160.7   243.9   276.7   566.3   700.8   775.1   825.7   881.8   952.6  1063.4  1269.7  3912.7 14236.5  39939.6    40000
read      619.7   396.6   173.5   249.4   284.8   576.4   717.8   790.4   839.8   895.8   968.1  1084.1  1337.4  3775.1 16676.0  44882.2    45000
read      719.8   446.3   160.7   287.6   341.7   672.2   814.4   891.1   945.7  1011.0  1101.0  1270.9  1777.6  4253.6 16355.4  50035.6    50000
read     1325.4   798.2   173.5   959.3  1010.2  1145.1  1198.2  1252.3  1300.6  1999.8  2154.7  2289.1  2493.0 12506.7 29567.0  50249.8    55000
Warning! Detected max cpu usage > 95%
CPU Usage Stats (avg/min/max): 75.28%,1.01%,100.00%
