#type       avg     std     min      p5     p10     p50     p67     p75     p80     p85     p90     p95     p99    p999   p9999     QPS   target
read      392.0   385.3   173.5   230.9   258.8   371.9   404.9   423.9   435.9   452.7   470.1   504.7   637.8  4799.1 19351.1   5016.0     5000
read      453.7   504.0   160.7   231.7   251.7   430.3   491.6   523.1   544.9   572.6   607.4   666.9   832.6  7221.7 30096.1  10017.0    10000
read      479.3   240.4   160.7   234.0   257.1   454.3   536.2   585.1   622.6   667.0   721.0   796.1   943.2  2853.9  7837.5  15004.0    15000
read      521.2   291.4   160.7   237.9   263.9   490.1   576.5   633.3   682.3   740.7   806.7   903.2  1129.8  2378.2  9649.3  19949.0    20000
read      555.5   390.7   160.7   237.1   264.5   511.7   609.4   675.8   730.5   796.8   877.7   995.9  1283.6  4603.5 13880.0  25070.4    25000
read      568.8   323.0   160.7   236.5   264.8   535.3   649.9   717.1   764.8   822.6   894.3  1000.2  1237.2  1858.5 10255.7  29986.8    30000
read      593.9   366.6   160.7   241.1   272.4   561.9   681.9   747.6   797.7   855.3   928.0  1039.9  1269.9  3832.3 13018.3  35008.2    35000
read      602.7   450.8   160.7   243.1   272.5   553.2   686.3   761.8   815.1   873.1   946.1  1065.7  1356.4  4977.2 18996.6  39799.6    40000
read      624.9   386.1   160.7   255.2   290.4   582.4   718.1   790.3   841.6   900.1   972.6  1087.2  1366.9  4259.1 12889.7  44982.2    45000
read      634.4   399.9   160.7   257.7   296.5   573.3   712.4   795.2   856.7   930.2  1023.8  1176.8  1483.2  2331.8 13693.0  49949.2    50000
read     1360.8   858.2   173.5   997.6  1037.7  1172.4  1237.2  1272.9  1342.8  2048.9  2219.3  2334.7  2538.2 13829.4 30397.6  49185.4    55000
Warning! Detected max cpu usage > 95%
CPU Usage Stats (avg/min/max): 73.30%,0.51%,100.00%
