#type       avg     std     min      p5     p10     p50     p67     p75     p80     p85     p90     p95     p99    p999   p9999     QPS   target
read      402.4   699.3   160.7   232.9   262.4   364.9   397.7   416.0   428.4   443.4   463.9   497.5   610.6 11963.1 19745.0   4989.0     5000
read      439.1   351.6   160.7   229.1   250.1   425.1   487.3   519.1   541.8   570.2   605.7   664.0   804.2  4178.1 13604.0  10003.8    10000
read      495.0   400.1   160.7   234.9   259.3   466.0   546.1   593.5   630.9   675.4   730.8   803.7   971.3  6089.5 17313.7  15190.0    15000
read      520.6   287.7   160.7   238.5   264.4   488.3   576.1   633.5   683.0   742.2   811.6   904.3  1112.6  1963.8 12916.8  19987.2    20000
read      560.1   341.3   160.7   241.6   271.1   529.7   627.1   686.6   736.0   794.7   864.7   968.5  1186.7  4288.5 10868.0  25001.0    25000
read      572.0   375.5   160.7   237.8   266.2   524.5   639.7   711.6   763.6   825.0   905.1  1033.4  1341.0  3957.1 12910.8  30062.6    30000
read      592.0   373.7   160.7   240.4   271.2   557.4   679.2   745.8   794.5   850.4   922.7  1027.9  1260.1  4656.0 12715.6  34930.4    35000
read      603.3   364.5   160.7   242.8   275.1   566.4   696.7   767.7   816.5   871.1   940.8  1048.9  1268.9  4435.5 11437.8  39884.2    40000
read      625.1   372.3   160.7   253.4   290.5   588.4   724.4   794.1   842.5   898.3   970.1  1081.3  1320.1  3521.8 13380.8  44999.8    45000
read      689.2   425.2   160.7   275.7   325.9   643.3   783.3   855.7   910.8   977.9  1066.8  1219.5  1578.0  4521.0 13863.1  49993.6    50000
read     1365.6   902.5   160.7   977.8  1030.9  1173.3  1240.9  1277.1  1355.2  2040.7  2214.8  2332.8  2538.9 15535.8 30700.0  49259.0    55000
Warning! Detected max cpu usage > 95%
CPU Usage Stats (avg/min/max): 72.06%,0.51%,100.00%
