#type       avg     std     min      p5     p10     p50     p67     p75     p80     p85     p90     p95     p99    p999   p9999     QPS   target
read     2635.4  2973.2   173.5  1401.0  1436.4  1590.8  3504.9  3653.3  3746.0  3841.9  3938.8  4035.8 19879.2 31268.0 37468.1   4998.6     5000
read     1953.3  2306.1   173.5   286.4   333.9  1583.7  1701.2  1824.0  3445.4  3606.5  3728.6  3917.3  9174.6 30240.2 32476.5   9901.2    10000
read     1503.4  1802.3   160.7   291.1   333.7  1525.4  1646.1  1730.5  1812.2  1956.3  3230.6  3665.0  4056.1 28657.2 36349.6  15034.2    15000
read     1216.6  1168.0   173.5   289.9   337.9   809.8  1586.2  1680.8  1756.8  1842.8  2002.8  2978.9  3687.3 16084.6 30395.0  19908.0    20000
read     1159.0  1251.1   160.7   290.7   341.3   737.4  1545.8  1646.8  1748.4  1850.1  1998.6  2644.5  4855.9 18042.6 33827.6  24990.8    25000
read     2919.1  4303.0   173.5   893.9   959.6  1190.6  2105.7  4814.4  4943.0  5071.5  5668.2  6422.4 30615.0 37728.9 47597.7  27237.8    30000
read     2878.0  4234.4   202.4   891.7   952.2  1173.0  2048.5  4800.0  4931.5  5062.9  5660.4  6837.5 30281.3 37763.6 47986.8  27585.6    35000
read     2927.9  4338.7   202.4   898.0   962.3  1182.0  2049.4  4786.9  4932.6  5078.2  5760.4  9018.0 29921.8 38720.6 55004.7  27209.0    40000
read     2944.8  4297.9   187.4   916.6   973.1  1184.9  2077.8  4801.9  4943.6  5085.4  5812.5  9035.2 30126.6 38052.6 49576.9  27032.8    45000
read     2956.1  4229.0   202.4   915.5   976.1  1226.0  2210.9  4848.9  4965.2  5081.5  5623.3  6278.2 30248.6 38289.0 50826.6  26875.6    50000
read     2871.1  4220.4   236.1   889.0   950.0  1164.6  2061.6  4807.0  4936.1  5065.3  5665.0  6438.8 30375.0 37653.8 49875.0  27629.2    55000
Warning! Detected max cpu usage > 95%
CPU Usage Stats (avg/min/max): 73.07%,0.51%,100.00%
