#type       avg     std     min      p5     p10     p50     p67     p75     p80     p85     p90     p95     p99    p999   p9999     QPS   target
read     2756.3  3505.0   173.5  1400.8  1445.1  1594.3  2880.5  3641.9  3743.3  3845.0  3946.7  4048.4 25003.2 33733.0 39479.2   4949.6     5000
read     1980.6  2366.3   160.7   286.5   335.1  1596.8  1717.9  1847.9  3494.8  3618.1  3741.3  3932.4 10395.5 30084.5 37123.6  10048.8    10000
read     1535.4  1913.1   173.5   291.1   335.7  1537.1  1667.2  1747.5  1835.4  1999.9  3257.7  3664.6  4070.8 28464.1 35477.1  15001.0    15000
read     1243.6  1289.6   160.7   292.0   341.2   828.3  1602.2  1699.5  1771.5  1858.0  2029.4  3020.0  3820.9 19598.5 31491.6  20000.6    20000
read     1166.8  1310.8   173.5   292.7   340.9   735.5  1553.9  1661.5  1760.0  1863.9  2008.8  2617.9  4743.8 20363.6 34865.9  25000.4    25000
read     2868.0  4231.9   187.4   869.3   951.4  1202.5  2091.7  4802.0  4932.4  5062.8  5623.7  6379.5 29991.7 39031.0 51543.8  27068.0    30000
read     2962.4  4262.5   321.2   926.3   983.0  1218.8  2147.7  4825.1  4956.2  5087.3  5742.1  8831.1 29933.8 38705.5 48767.2  26787.0    35000
read     2883.0  4233.5   202.4   885.6   947.3  1175.4  2055.7  4807.0  4939.2  5071.5  5672.2  6879.1 29628.8 38859.4 50015.0  27542.4    40000
read     2931.4  4320.0   187.4   902.3   962.9  1188.2  2047.3  4788.5  4937.2  5085.8  5787.4  9023.6 30343.5 37850.7 47285.2  27138.0    45000
read     2960.1  4266.0   218.6   900.8   968.7  1229.1  2174.9  4840.5  4965.0  5089.4  5662.6  6384.1 30490.4 37791.3 47415.7  26842.6    50000
read     2947.0  4388.9   218.6   902.8   965.0  1194.3  2095.5  4808.1  4941.7  5075.3  5705.7  8807.9 30541.4 39000.6 57241.3  27251.4    55000
Warning! Detected max cpu usage > 95%
CPU Usage Stats (avg/min/max): 73.87%,0.51%,100.00%
