#type       avg     std     min      p5     p10     p50     p67     p75     p80     p85     p90     p95     p99    p999   p9999     QPS   target
read      388.9   523.6   173.5   233.9   262.2   366.7   398.2   416.4   429.2   444.9   464.7   498.4   608.3  5796.0 31009.0   5031.4     5000
read      429.4   282.2   160.7   230.1   250.1   416.1   476.5   507.1   530.9   557.4   591.6   646.3   777.8  4077.3 12558.9   9968.8    10000
read      480.2   299.0   160.7   232.4   256.2   456.4   535.8   583.1   619.8   663.1   716.2   787.6   926.0  4901.6 11500.4  15035.6    15000
read      514.0   301.1   160.7   236.0   260.4   473.7   562.2   625.5   679.5   744.3   818.1   919.5  1135.2  2345.7  9994.1  20136.4    20000
read      555.8   303.8   160.7   239.6   268.4   529.3   624.6   684.2   731.7   788.7   856.3   951.9  1137.6  4279.3 10371.0  24849.2    25000
read      570.9   332.4   160.7   241.3   269.1   522.4   636.9   712.5   768.3   833.7   915.2  1048.1  1345.8  2846.9 10048.2  29931.6    30000
read      585.0   344.3   160.7   240.2   270.1   553.8   676.8   743.7   791.7   847.2   917.5  1020.9  1231.5  1904.1 15128.8  35046.9    35000
read      605.1   353.5   160.7   244.4   276.8   565.1   698.0   772.2   822.5   878.6   951.2  1063.8  1282.0  3959.0 11945.5  40061.4    40000
read      625.6   406.3   160.7   252.2   288.3   582.4   720.3   793.3   843.7   901.2   975.7  1091.2  1366.0  3826.8 16510.0  44894.6    45000
read      664.9   454.6   160.7   270.6   315.9   609.2   753.6   829.3   883.4   949.6  1039.1  1179.7  1502.9  4775.1 18834.6  49831.0    50000
read     1366.2   860.7   173.5   995.7  1037.8  1176.8  1243.5  1277.9  1355.2  2044.1  2218.7  2336.1  2540.1 12787.0 31594.6  49119.2    55000
Warning! Detected max cpu usage > 95%
CPU Usage Stats (avg/min/max): 74.67%,2.01%,100.00%
