#type       avg     std     min      p5     p10     p50     p67     p75     p80     p85     p90     p95     p99    p999   p9999     QPS   target
read      388.4   343.6   160.7   237.8   263.7   374.7   408.8   428.2   441.5   458.2   477.3   509.0   603.0  3986.2 15669.7   4996.6     5000
read      432.4   389.7   173.5   231.8   249.9   411.7   473.6   505.4   529.0   554.9   590.7   644.3   777.7  5907.9 17594.0   9937.0    10000
read      497.3   483.7   160.7   235.7   260.5   462.9   541.9   587.7   624.3   667.5   720.2   793.1   972.6  7657.4 17436.8  15037.4    15000
read      525.4   332.9   160.7   236.1   264.6   498.8   581.7   635.0   681.4   736.4   800.7   878.5  1045.6  3575.7 13171.9  20017.4    20000
read      547.9   375.8   160.7   237.3   262.8   492.4   594.0   668.3   728.6   801.7   888.8  1023.9  1275.4  4800.1 14267.8  25143.8    25000
read      566.8   361.6   160.7   239.5   267.5   525.3   634.7   702.9   754.5   819.0   898.6  1015.5  1269.6  3185.5 13627.4  29868.2    30000
read      579.6   363.1   173.5   239.1   266.0   523.4   644.0   723.8   785.5   856.7   943.2  1085.5  1442.6  2657.0 12874.2  34956.0    35000
read      598.1   345.5   160.7   246.1   276.4   552.4   684.0   762.6   817.3   877.2   954.9  1074.8  1321.8  2152.6 13211.9  39988.4    40000
read      632.0   417.8   160.7   251.5   288.0   576.8   717.6   797.2   852.3   915.9   999.1  1137.8  1484.2  4756.5 15332.7  44890.8    45000
read      660.0   445.7   160.7   267.4   310.9   600.7   745.7   824.0   878.9   951.1  1045.5  1186.9  1493.1  4322.2 16426.0  49845.8    50000
read     1335.0   796.5   187.4   955.3  1005.0  1151.0  1217.2  1267.3  1361.6  2017.0  2157.3  2293.1  2508.0 11779.7 30020.0  50045.4    55000
Warning! Detected max cpu usage > 95%
CPU Usage Stats (avg/min/max): 73.23%,1.01%,100.00%
