#type       avg     std     min      p5     p10     p50     p67     p75     p80     p85     p90     p95     p99    p999   p9999     QPS   target
read      532.9  1430.6   173.5   245.0   277.3   401.6   453.8   483.7   504.8   531.8   568.4   635.7  3499.3 30129.1 32284.7   4970.8     5000
read      860.0  2214.6   173.5   244.1   276.5   503.8   616.5   680.6   729.0   789.6   892.7  2117.8  9530.3 32086.9 43454.2   9939.6    10000
read      629.9   781.3   173.5   244.0   280.1   564.5   679.9   744.8   791.9   845.6   911.9  1014.6  1768.6  9672.9 35736.8  14957.6    15000
read      682.4   884.8   160.7   249.4   284.6   610.3   737.3   807.9   859.7   924.7  1010.8  1140.3  1686.6 12555.8 31921.1  20008.0    20000
read      686.2   846.1   173.5   243.2   276.5   586.3   739.7   828.6   895.9   982.9  1093.7  1279.0  1878.8 12049.7 36253.9  25157.8    25000
read      713.3   712.0   173.5   248.9   287.4   646.8   811.9   891.2   946.9  1017.3  1106.2  1257.9  1818.3 10573.6 29427.1  30018.2    30000
read      788.9   940.8   173.5   255.4   302.0   699.7   867.8   957.9  1024.6  1101.4  1200.6  1360.8  2382.1 14573.6 34189.4  35040.4    35000
read      832.9   713.9   173.5   275.5   346.8   766.2   929.0  1021.1  1089.9  1171.9  1277.9  1490.9  2328.0  9141.1 29491.7  39911.8    40000
read     1667.2  1194.2   187.4  1211.4  1266.0  1435.9  1506.1  1578.0  1639.3  2030.6  2643.3  2853.9  3271.1 22673.4 35677.5  40898.8    45000
read     1712.2  1246.8   187.4  1273.9  1307.3  1465.1  1541.0  1591.7  1644.8  1933.7  2717.9  2921.5  3383.2 23137.8 34632.9  39962.2    50000
read     1701.7  1167.8   173.5  1283.2  1309.7  1466.3  1543.0  1593.7  1653.1  1936.9  2715.8  2917.5  3326.8 22741.6 33598.8  40088.3    55000
Warning! Detected max cpu usage > 95%
CPU Usage Stats (avg/min/max): 74.62%,2.02%,100.00%
