#type       avg     std     min      p5     p10     p50     p67     p75     p80     p85     p90     p95     p99    p999   p9999     QPS   target
read      494.9  1192.7   173.5   242.8   276.7   395.6   447.1   477.9   500.5   528.0   564.8   634.4  2581.6 26786.6 36539.9   4969.2     5000
read      548.8   650.4   173.5   242.0   271.7   486.5   583.8   637.3   677.7   723.0   778.0   859.6  1660.2  6242.3 35593.2  10005.8    10000
read      599.1   708.4   173.5   239.9   268.7   517.2   639.3   713.7   767.9   832.5   911.2  1041.7  1487.5  9685.0 31348.3  14833.4    15000
read      657.1   589.1   173.5   247.1   282.8   610.0   736.9   805.4   855.7   916.2   998.6  1120.5  1553.9  7523.3 28252.6  20018.6    20000
read      684.7   595.9   173.5   251.9   288.7   636.2   778.2   850.4   903.4   966.7  1050.5  1177.1  1599.8  8630.4 25490.0  25031.4    25000
read      708.0   568.7   173.5   249.7   291.0   669.1   819.2   893.1   944.9  1009.4  1087.9  1217.3  1585.8  7706.0 23910.4  29961.4    30000
read      740.7   750.0   160.7   252.3   295.6   675.0   838.6   924.8   988.6  1062.1  1155.2  1310.9  1899.8 10239.3 32298.2  35002.6    35000
read      897.7   793.2   173.5   299.3   381.5   832.2   992.0  1084.3  1154.0  1236.7  1353.3  1657.7  2461.0  8061.5 32224.9  39976.4    40000
read     1729.8  1398.3   173.5  1245.5  1298.9  1468.5  1551.6  1601.0  1673.0  1966.4  2703.6  2928.2  3621.0 25761.9 36533.2  39980.6    45000
read     1759.6  1405.1   187.4  1292.3  1331.3  1497.0  1575.2  1612.0  1689.5  2003.2  2787.0  2968.8  3543.7 28197.3 36082.5  39193.7    50000
read     1684.4  1326.8   160.7  1225.8  1287.4  1439.5  1500.7  1571.8  1616.3  1925.5  2653.4  2861.6  3388.2 25781.5 36033.4  40771.6    55000
Warning! Detected max cpu usage > 95%
CPU Usage Stats (avg/min/max): 73.90%,1.00%,100.00%
