#type       avg     std     min      p5     p10     p50     p67     p75     p80     p85     p90     p95     p99    p999   p9999     QPS   target
read      445.8   594.3   173.5   242.8   276.6   401.4   452.4   481.3   502.9   530.3   565.2   622.7   919.3  7752.6 30500.0   5041.2     5000
read      560.3   830.6   173.5   249.3   278.2   493.7   593.2   647.7   686.1   728.6   781.5   861.4  1466.8  9889.7 35130.2   9991.4    10000
read      640.6   987.6   173.5   242.8   275.2   543.6   665.1   737.3   789.0   847.0   920.8  1044.3  1931.1 16711.5 32175.3  14952.4    15000
read      655.6   782.8   173.5   245.1   276.8   586.4   714.7   789.0   844.0   910.1   997.2  1130.1  1659.2 11541.1 35774.2  20004.4    20000
read      681.9   699.9   173.5   248.3   284.5   627.8   768.9   840.2   891.4   955.6  1044.6  1177.2  1611.6 11119.0 30962.8  24962.2    25000
read      720.0   792.5   173.5   246.5   283.0   633.0   800.5   885.1   945.9  1022.1  1123.6  1293.3  2008.7 10177.5 32108.8  29932.8    30000
read      714.8   526.5   160.7   254.3   295.2   663.6   822.7   908.5   970.2  1041.9  1132.6  1277.1  1732.5  5727.9 20908.7  34992.6    35000
read     1130.1   967.8   173.5   338.6   452.3  1059.1  1298.1  1367.9  1419.3  1476.4  1593.5  2391.0  2960.6 11919.5 31807.7  40060.8    40000
read     1600.7  1162.1   187.4  1129.3  1203.6  1376.8  1460.8  1515.0  1600.4  2013.6  2555.1  2736.7  3206.8 23496.9 32227.7  42124.6    45000
read     1720.9  1385.6   187.4  1254.0  1298.4  1453.3  1528.1  1588.4  1654.7  2122.2  2704.6  2908.5  3621.8 26916.0 35002.6  39994.2    50000
read     1489.7  1177.6   173.5  1056.9  1107.1  1246.5  1319.3  1376.5  1478.3  2200.9  2356.3  2512.3  3064.9 23053.8 33486.6  45644.0    55000
Warning! Detected max cpu usage > 95%
CPU Usage Stats (avg/min/max): 72.72%,1.50%,100.00%
