#type       avg     std     min      p5     p10     p50     p67     p75     p80     p85     p90     p95     p99    p999   p9999     QPS   target
read      466.8   852.2   173.5   242.1   272.2   403.8   453.3   481.0   500.7   524.8   554.4   613.9  1685.9  9906.0 35849.3   4970.6     5000
read      568.1   970.1   173.5   236.3   263.7   493.6   587.9   641.3   678.1   719.2   769.3   849.4  2273.2 12458.7 36186.2   9964.4    10000
read      596.1   799.9   173.5   238.8   269.3   526.3   636.9   706.5   755.7   809.5   873.1   972.3  1538.8 10201.2 32071.8  15004.4    15000
read      615.9   651.4   160.7   239.1   267.5   557.0   676.9   749.5   804.5   866.0   942.0  1063.5  1394.6 10552.8 28881.5  19953.4    20000
read      646.6   533.4   160.7   241.4   275.3   611.7   738.9   802.1   850.7   909.5   989.5  1106.6  1417.5  5382.0 21995.8  25022.0    25000
read      660.3   741.2   160.7   243.6   275.4   588.6   735.4   811.3   866.3   934.1  1030.7  1179.9  1651.7 10502.2 35415.4  29941.6    30000
read      668.2   541.3   173.5   240.9   274.0   616.5   770.7   844.9   897.1   959.6  1043.9  1173.3  1614.0  7674.9 17997.6  34788.4    35000
read      704.8   531.4   173.5   251.8   294.2   658.9   808.5   882.5   936.5  1002.4  1088.8  1240.0  1814.1  6495.2 18796.4  39804.2    40000
read      882.5   877.4   160.7   274.5   344.8   787.7   999.6  1091.1  1146.3  1208.9  1312.6  1732.0  2456.4 11040.1 31666.4  44818.0    45000
read     1475.7  1036.6   187.4  1067.0  1113.1  1254.8  1325.4  1372.9  1457.3  2118.4  2350.7  2505.6  2914.8 18766.0 31957.3  45883.8    50000
read     1547.6  1276.6   187.4  1104.5  1136.5  1290.7  1365.1  1431.0  1514.2  2219.1  2429.3  2561.7  3271.6 22924.3 37221.2  44285.4    55000
Warning! Detected max cpu usage > 95%
CPU Usage Stats (avg/min/max): 75.38%,0.51%,100.00%
