#type       avg     std     min      p5     p10     p50     p67     p75     p80     p85     p90     p95     p99    p999   p9999     QPS   target
read      419.3   440.0   173.5   235.4   262.1   388.5   434.9   463.0   483.3   506.3   537.1   584.3   777.5  6073.6 14855.1   5009.6     5000
read      528.8   708.1   160.7   232.1   259.0   472.8   565.3   617.1   653.1   694.0   745.9   827.8  1428.7  8980.5 35692.8   9983.6    10000
read      618.8  1040.5   173.5   236.0   264.0   511.1   629.7   704.0   756.2   815.3   886.5  1014.2  2179.6 15848.6 36928.8  15019.2    15000
read      643.2   769.0   173.5   238.8   271.0   586.8   700.8   768.4   818.1   874.2   947.4  1066.5  1492.8  9166.0 31728.2  19859.8    20000
read      661.5   783.6   160.7   240.8   273.8   597.8   726.8   796.2   849.9   915.3  1003.3  1135.6  1623.8 10752.7 31835.7  25144.4    25000
read      661.6   764.1   160.7   234.7   264.3   561.9   716.0   804.2   868.8   949.0  1060.5  1256.7  1852.9  9923.3 31369.2  29887.8    30000
read      654.3   493.7   173.5   239.3   272.3   597.8   755.0   833.4   886.5   947.2  1032.6  1176.9  1613.8  5539.5 17181.7  34997.4    35000
read      684.1   711.3   160.7   242.0   276.7   596.1   755.1   842.7   905.3   982.7  1090.9  1277.2  1859.5  9025.6 31725.0  39912.9    40000
read      861.7   683.0   160.7   293.9   377.2   800.8   952.6  1038.9  1098.9  1179.8  1310.8  1624.3  2236.3  9145.0 22043.0  44789.4    45000
read     1553.0  1134.2   173.5  1146.9  1197.0  1334.8  1386.0  1451.1  1492.0  1909.4  2481.7  2658.8  2978.6 21927.3 33187.1  43809.2    50000
read     1470.7  1014.3   160.7  1075.0  1117.6  1257.5  1327.6  1373.5  1458.9  2128.8  2372.5  2513.2  2819.5 18337.6 31812.0  45876.4    55000
Warning! Detected max cpu usage > 95%
CPU Usage Stats (avg/min/max): 74.04%,2.02%,100.00%
