#type       avg     std     min      p5     p10     p50     p67     p75     p80     p85     p90     p95     p99    p999   p9999     QPS   target
read      467.8   825.3   173.5   238.8   272.0   405.1   453.8   480.5   500.8   525.5   556.0   613.8  1836.8  9428.2 31619.5   5004.2     5000
read      545.8   944.8   173.5   233.0   256.7   470.0   564.9   616.6   652.5   693.2   745.8   827.1  1861.6 13059.9 37988.9   9930.6    10000
read      608.4   688.9   173.5   243.0   272.4   545.2   658.5   726.7   775.3   829.5   892.8   994.7  1582.1 10340.1 29550.8  15035.0    15000
read      752.0  1447.2   173.5   240.6   275.9   598.2   722.0   794.5   848.1   912.4  1001.5  1163.3  4240.9 24908.9 39081.7  19961.2    20000
read      638.9   714.0   160.7   237.7   267.8   563.7   699.1   780.1   840.0   911.7  1008.8  1172.2  1636.2  8959.2 32009.5  24991.0    25000
read      695.0   496.6   160.7   246.0   285.0   657.9   800.7   874.3   930.1   996.8  1084.9  1222.2  1563.0  5212.8 19027.7  29934.0    30000
read      687.1   705.6   160.7   240.2   274.0   608.6   766.9   849.2   906.6   975.3  1067.6  1216.4  1869.9  9052.4 29647.5  35029.6    35000
read      701.5   502.9   160.7   255.9   300.1   666.9   808.8   879.8   931.9   996.2  1078.0  1213.1  1600.8  5353.4 18919.4  40082.8    40000
read      732.2   695.3   160.7   254.8   304.9   650.6   814.0   905.1   974.2  1058.9  1172.2  1375.1  1942.8  7789.5 30263.2  45016.2    45000
read     1468.0  1085.7   173.5  1051.0  1105.4  1241.9  1306.3  1367.4  1474.5  2206.3  2348.5  2491.7  2819.1 19048.0 32476.9  45884.6    50000
read     1491.8  1173.1   160.7  1076.3  1116.7  1256.1  1328.0  1375.8  1463.8  2201.2  2373.5  2513.9  2959.1 19967.2 36489.9  45558.4    55000
Warning! Detected max cpu usage > 95%
CPU Usage Stats (avg/min/max): 73.67%,0.51%,100.00%
