#type       avg     std     min      p5     p10     p50     p67     p75     p80     p85     p90     p95     p99    p999   p9999     QPS   target
read      469.0   958.5   173.5   238.2   271.7   388.1   431.9   459.2   478.8   502.4   534.9   591.3  2396.7 13190.7 32165.4   4893.6     5000
read      531.4   594.6   173.5   238.2   263.5   486.8   577.3   627.3   662.4   700.9   748.7   825.6  1185.5  7571.2 23961.7   9884.0    10000
read      585.3   752.0   173.5   237.8   267.3   523.1   635.7   703.8   752.8   807.9   870.1   966.5  1315.1  6580.5 35589.8  15030.4    15000
read      597.9   497.5   173.5   237.6   265.7   548.7   671.5   743.3   797.6   859.2   935.3  1054.8  1359.5  5713.3 23914.6  19973.8    20000
read      637.6   566.5   173.5   238.4   270.0   587.7   721.1   789.7   839.6   900.6   985.3  1111.6  1479.3  8568.3 21529.9  24954.6    25000
read      658.1   652.8   173.5   237.8   270.0   588.2   737.9   813.6   866.9   933.5  1025.2  1172.8  1700.8  9732.1 29155.8  30040.6    30000
read      697.9   795.5   160.7   241.5   276.2   621.2   779.1   858.3   914.7   983.3  1078.5  1236.5  1966.7  9080.1 36847.4  34974.6    35000
read      713.2   772.0   160.7   244.2   284.3   636.6   800.1   880.6   938.4  1011.8  1105.2  1260.7  2003.1 13110.6 31989.6  39988.8    40000
read      696.7   604.5   160.7   248.9   289.8   603.5   765.3   861.6   936.1  1028.4  1149.6  1353.5  1944.3  7731.6 24938.1  44921.0    45000
read     1382.6   912.2   218.6   973.1  1034.2  1184.8  1255.6  1305.6  1382.1  2028.4  2237.2  2362.6  2658.7 12902.7 31924.1  47928.9    50000
read     1549.4  1153.9   173.5  1124.2  1172.0  1316.1  1375.3  1438.5  1492.2  2231.1  2464.3  2625.5  3010.2 21207.5 34525.2  44010.7    55000
Warning! Detected max cpu usage > 95%
CPU Usage Stats (avg/min/max): 73.60%,1.01%,100.00%
