#type       avg     std     min      p5     p10     p50     p67     p75     p80     p85     p90     p95     p99    p999   p9999     QPS   target
read      385.4   288.9   173.5   237.7   264.8   373.0   406.6   424.8   436.1   453.3   470.8   504.4   596.8  5730.2  9425.3   4969.4     5000
read      450.5   398.7   160.7   230.2   249.8   430.1   493.8   526.9   548.4   577.7   614.5   674.0   841.5  5443.7 11662.9  10012.2    10000
read      483.4   277.5   160.7   233.3   258.1   457.5   538.8   587.3   624.7   668.8   721.7   793.8   951.8  3334.6  9931.3  15083.2    15000
read      525.5   355.5   160.7   234.5   261.1   491.9   580.7   636.5   683.1   738.8   805.6   904.7  1118.8  4850.6  9937.0  19984.8    20000
read      542.8   362.9   160.7   233.5   260.0   499.2   598.2   665.2   721.2   790.2   873.4   994.0  1244.0  1723.8 16656.2  25034.5    25000
read      563.9   323.7   160.7   235.1   263.3   523.0   635.0   703.7   755.6   816.6   896.4  1008.6  1291.4  3420.7 10160.1  30158.6    30000
read      583.5   343.1   160.7   236.5   266.8   553.8   674.2   739.1   786.2   841.9   913.4  1012.9  1222.2  2973.1 13122.2  35207.2    35000
read      598.6   343.4   160.7   237.8   270.0   559.1   693.1   767.1   817.6   874.7   944.3  1056.5  1277.4  3801.3 10826.4  40018.4    40000
read      619.1   411.9   160.7   245.1   281.6   575.3   710.7   784.4   836.8   897.0   971.8  1086.2  1351.4  4807.7 16814.3  44952.2    45000
read      651.6   373.3   160.7   256.3   299.9   588.4   734.7   820.8   883.3   956.5  1055.3  1222.3  1570.4  3233.1 12438.1  49987.4    50000
read     1345.2   884.4   173.5   959.8  1016.4  1153.2  1217.4  1267.6  1363.9  2043.7  2173.5  2301.4  2514.4 15192.9 30507.9  49759.6    55000
Warning! Detected max cpu usage > 95%
CPU Usage Stats (avg/min/max): 74.72%,1.50%,100.00%
