#type       avg     std     min      p5     p10     p50     p67     p75     p80     p85     p90     p95     p99    p999   p9999     QPS   target
read      386.1   278.9   173.5   235.2   261.5   373.3   408.2   427.2   440.0   457.3   477.2   513.0   598.3  4932.6 10866.8   5020.6     5000
read      442.5   315.5   173.5   230.5   250.2   429.8   493.8   526.7   548.3   576.5   611.2   666.4   806.9  4777.2  9485.6  10022.4    10000
read      488.9   280.1   160.7   233.3   258.6   467.4   547.2   593.5   631.0   675.1   728.8   802.9   965.7  3123.0 10052.5  15055.8    15000
read      525.3   304.0   160.7   233.3   261.3   501.8   586.4   640.6   687.5   741.8   805.4   892.1  1041.7  2648.6 12911.2  20038.6    20000
read      547.3   338.2   160.7   235.3   262.4   518.2   612.6   673.1   721.7   781.0   854.7   960.1  1178.7  3351.3 13778.8  24988.8    25000
read      566.2   391.2   160.7   234.2   264.0   543.3   645.0   703.9   747.0   802.8   875.4   976.4  1147.7  2653.0 16915.7  30065.1    30000
read      592.5   442.2   160.7   242.7   272.6   545.4   667.8   739.8   790.9   851.7   929.3  1050.3  1390.6  4459.7 17050.1  34809.8    35000
read      582.8   417.8   160.7   235.4   263.1   521.9   643.4   725.1   786.1   859.2   953.5  1104.1  1466.0  3964.0 17752.8  39939.8    40000
read      627.5   410.8   160.7   244.6   280.7   572.3   716.7   796.3   852.1   914.9   994.5  1124.1  1486.6  4578.7 13147.1  44865.8    45000
read      680.9   475.7   160.7   269.8   321.0   636.2   774.6   846.3   899.2   962.8  1049.6  1193.7  1550.6  4891.6 18984.7  49924.4    50000
read     1349.6   931.3   173.5   961.0  1017.4  1151.3  1214.5  1265.6  1358.6  2047.4  2168.3  2298.3  2516.7 16206.4 32299.4  49866.0    55000
Warning! Detected max cpu usage > 95%
CPU Usage Stats (avg/min/max): 75.48%,0.51%,100.00%
