read      410.8   381.6   160.7   238.3   262.7   392.2   430.0   450.7   464.6
  482.7   505.4   547.2   725.7  5876.6 16312.7   7427.4     7434
read      361.2   189.6   148.8   209.9   224.0   324.9   389.6   431.2   464.2
  503.2   550.3   618.5   741.8  1099.3  7858.2  67063.9    67201
read      375.5   261.8   148.8   212.9   227.4   333.3   393.9   430.8   460.1
  496.6   545.7   631.8  1010.9  2663.7  9213.3  85699.7    85927
read      371.7   210.7   148.8   210.9   224.9   329.7   398.2   442.9   478.0
  521.4   575.4   648.1   803.0  1650.9  8018.2  63958.2    63953
read      476.0   355.8   160.7   217.3   233.2   419.8   535.0   606.1   659.2
  716.9   783.5   879.6  1144.8  3184.7 11978.8  31568.0    31595
read      362.2   194.1   160.7   210.8   225.1   328.4   387.8   422.9   450.3
  484.8   532.6   609.6   805.7  1911.4  5881.7  87815.9    87879
read      563.0  1495.6   160.7   232.6   258.2   408.6   459.5   489.4   510.8
  541.4   583.2   669.2  5067.4 28794.7 42397.2   7310.0     7287
read      405.0   395.6   160.7   208.5   222.7   331.9   404.6   456.9   499.9
  552.7   619.0   735.8  1519.8  4735.7 15212.4  62154.1    62295
read      773.6  2410.6   173.5   236.1   265.2   418.6   474.4   508.0   536.1
  571.7   628.1   925.5 10381.5 32439.9 40293.6   6575.0     6561
read      676.6  1624.4   160.7   219.5   236.8   453.4   583.8   670.9   724.2
  779.9   849.4   995.2  7004.6 30198.2 40402.6  22439.2    22532
read      405.6   310.5   148.8   211.8   226.2   340.7   415.9   467.3   510.4
  564.1   632.1   748.3  1374.5  2832.1  9143.1  60601.1    60653
read      386.4   257.9   148.8   209.0   222.8   330.2   402.2   453.5   495.3
  545.0   605.8   693.0  1141.6  2520.7  7811.4  59059.7    59076
read      395.6   294.5   148.8   210.9   225.1   336.6   412.7   463.7   504.7
  554.0   616.8   714.2  1181.8  2631.9 10874.0  60194.8    60154
read      652.5  1522.4   160.7   219.0   235.6   447.1   568.3   649.4   707.7
  768.2   842.3   987.6  6667.2 28391.4 39671.0  22940.5    22964
read      647.0  1850.5   160.7   232.6   256.8   423.8   483.0   518.6   545.8
  580.6   630.0   744.4  7303.7 31748.5 40042.1   8132.4     8172
read      497.9   859.3   160.7   212.3   227.8   400.0   510.6   565.5   605.7
  657.6   738.3   886.0  1677.5 10705.8 32191.3  27505.5    27652
read      440.8   578.7   160.7   210.9   225.7   351.3   464.9   526.0   566.4
  610.7   667.4   776.7  1367.9  7557.2 30145.0  37652.7    37594
read      627.6  1346.3   160.7   218.8   235.3   444.5   571.1   653.1   713.7
  778.3   857.7  1012.9  5816.9 18661.3 36986.9  24344.7    24367
read      431.5   461.3   160.7   211.2   225.6   357.0   470.9   526.3   562.5
  603.5   656.8   764.2  1281.1  5027.1 19861.5  33717.3    33771
read      392.2   313.3   160.7   213.2   227.6   338.9   402.1   441.2   471.9
  514.1   574.2   681.1  1477.7  2884.5  8586.8  84943.2    84944
read      385.3   337.1   148.8   211.2   225.4   333.7   393.9   430.6   460.3
  499.3   555.1   659.1  1413.3  3500.3  9099.3  85583.3    85666
read      405.0   291.5   148.8   213.7   228.0   347.9   432.3   488.1   530.6
  579.5   637.7   724.7  1090.6  2332.9  9929.4  52133.9    51918
read      453.3   512.1   148.8   214.3   228.8   372.1   484.9   544.2   584.7
  632.0   695.2   824.9  1452.0  6196.9 28215.8  34337.3    34406
read      529.1   979.8   160.7   213.5   228.7   404.1   522.1   584.8   634.4
  701.3   798.7   961.4  2364.9 12733.6 34580.9  28542.7    28664
read      416.6   427.7   160.7   207.9   222.0   344.2   454.4   517.5   557.9
  600.6   652.4   734.7  1164.2  4274.5 14484.7  38000.2    38289
read      614.2  1365.8   160.7   216.1   232.8   446.4   564.2   637.7   689.2
  743.7   808.6   940.8  5025.5 21505.5 37885.1  20441.7    20658
read      697.1  1799.8   160.7   221.1   240.7   459.8   571.4   626.6   662.3
  701.3   749.4   874.2  7369.5 31670.2 37465.9  13934.4    13840
read      426.0   456.6   148.8   215.5   231.3   353.6   419.5   460.4   494.1
  538.7   605.0   770.5  1727.8  4731.8 18216.6  93358.3    93419
read      392.6   339.0   148.8   215.3   230.7   343.7   402.7   439.5   468.3
  506.0   559.6   658.2  1380.5  3578.4 11224.3  98085.5    98284
read      406.0   349.1   148.8   213.8   228.4   342.6   412.6   458.5   496.6
  545.8   616.7   742.1  1462.1  3070.1 10690.0  71435.8    71313
read      410.2   259.9   148.8   212.4   226.9   350.5   449.4   510.6   553.0
  600.3   654.3   734.5  1073.4  1904.6  9628.5  42054.8    42089
read      403.5   288.5   160.7   211.8   225.8   342.3   432.2   492.2   535.7
  583.4   637.2   718.9  1098.9  2430.6  9349.1  46387.9    46458
read      470.8   634.9   160.7   213.5   228.0   379.0   496.7   553.9   592.8
  639.2   710.0   867.2  1643.4  7595.7 30384.1  30633.5    30755
read      394.2   229.5   160.7   209.9   224.3   337.6   435.1   497.5   537.4
  579.3   626.3   692.1   930.4  1740.8  7960.4  42936.8    42889
read      371.7   235.2   148.8   214.9   229.6   337.5   396.5   432.0   460.1
  495.8   543.8   625.2   827.9  2048.4  9374.3  93477.1    93552
read      381.2   230.5   160.7   213.3   227.7   337.2   406.8   452.6   487.5
  530.5   585.5   669.7   874.8  1865.4  8025.2  65593.8    65694
read      488.4   750.9   160.7   214.4   229.2   386.1   504.5   560.5   598.8
  648.7   726.6   890.7  1791.8  8718.8 31622.8  29509.8    29574
read      388.9   231.9   148.8   212.1   226.4   340.4   422.3   476.0   516.3
  561.9   614.6   685.1   860.5  1627.4  8731.2  51238.0    51355
read      375.3   196.7   160.7   212.1   226.1   333.9   402.7   447.0   480.9
  523.2   577.3   657.5   847.4  1708.4  6421.7  67414.8    67361
read      702.5  1772.8   160.7   221.2   240.5   456.8   572.8   637.8   679.7
  725.6   785.7   929.6  8135.8 31128.9 38005.6  16285.9    16287
read      393.5   274.8   148.8   213.8   228.3   341.8   406.4   446.7   477.8
  519.0   575.9   676.7  1564.6  2725.3  8810.8  81685.8    81508
read      386.2   284.3   148.8   216.0   230.3   343.2   405.8   444.6   474.1
  512.6   567.2   660.2  1016.6  2820.9  8802.6  87772.6    87619
read      404.6   369.1   160.7   218.1   233.9   352.6   414.8   453.8   483.9
  522.7   576.9   673.3  1499.1  4247.3 11791.3  99266.1    99068
read      399.9   276.4   160.7   211.5   225.5   340.7   423.5   479.0   522.8
  572.8   631.3   716.4  1181.9  2561.6  9082.8  51139.8    51267
read      785.8  2820.9   160.7   223.4   243.4   452.3   549.8   600.1   632.0
  670.2   722.6   883.5  9283.2 52203.1 65289.1  11882.6    11822
read      418.4   384.7   160.7   220.8   237.0   360.0   424.0   463.7   495.9
  536.8   593.3   704.8  1662.6  4317.9 12160.5  97368.8    97494
read      394.8   392.4   160.7   218.0   232.8   345.4   404.9   442.3   470.8
  508.1   561.1   654.0  1268.6  4842.3 13025.3  97522.0    97350
read      397.9   281.3   160.7   213.6   227.6   341.5   418.9   470.3   513.6
  565.3   626.0   711.4  1103.9  2751.7  9134.3  55417.4    55460
read      396.3   348.2   160.7   216.1   230.6   342.9   405.3   444.6   474.6
  514.8   572.4   676.5  1465.9  3892.7 10501.2  85964.7    85984
read      394.8   354.7   148.8   215.5   229.7   340.3   402.9   442.4   473.4
  514.7   573.5   675.8  1462.1  3780.4 11486.0  82024.2    82043
read      404.3   337.3   148.8   213.7   227.7   343.2   423.7   477.8   521.2
  571.5   630.5   716.5  1164.5  3896.1 11753.5  52921.7    52873
read      703.9  1949.4   160.7   220.2   238.6   449.9   550.9   609.9   648.2
  689.2   742.0   864.4  8863.4 31641.6 48413.0  13914.5    13911
read      419.6   403.5   160.7   212.2   226.5   346.5   432.5   492.9   538.3
  589.7   650.2   747.7  1424.9  4939.7 12376.2  49843.0    49984
read      770.3  2253.5   160.7   227.0   249.4   448.1   525.3   566.7   594.5
  631.4   683.8   892.3 10126.4 32671.8 37703.4   9308.0     9274
read      490.1   815.9   160.7   215.9   230.1   394.5   503.5   556.0   592.5
  637.0   707.2   856.1  1735.7 12372.0 31453.6  27102.0    27187
read      671.5  1563.8   160.7   219.7   237.2   458.8   585.5   658.5   704.7
  752.6   811.7   945.0  7096.0 28790.3 38920.7  18836.1    18735
read      427.5   484.4   148.8   218.1   232.9   354.3   421.4   463.4   497.7
  542.7   608.1   743.7  1789.6  4532.8 21808.1  86360.9    86505
read      403.0   501.0   148.8   219.2   234.4   350.6   412.8   451.4   481.5
  520.7   575.7   671.5  1364.7  4858.2 19595.1  93272.1    93039
read      398.8   345.1   160.7   215.0   229.1   342.9   410.9   453.1   486.4
  530.2   590.6   694.9  1341.2  3615.1 12322.6  75943.0    75999
read      449.7   522.4   148.8   214.6   229.0   371.8   486.6   544.6   583.2
  626.7   684.2   802.9  1424.3  5136.2 25162.7  32382.1    32324
read      389.0   310.0   148.8   212.6   227.2   339.1   402.9   442.4   472.2
  511.8   568.3   665.2  1265.3  3734.4 10239.3  84069.8    84255
read      401.7   377.8   160.7   214.4   229.4   344.4   411.3   453.0   485.8
  528.4   587.1   690.6  1451.7  4018.0 12376.2  81700.2    81759
read      444.8   416.6   160.7   217.3   231.9   365.8   479.5   541.8   583.8
  630.8   691.6   824.5  1357.1  4344.7 15473.5  37289.2    37291
read      407.6   350.8   160.7   216.2   230.3   345.7   425.6   479.3   522.9
  574.5   635.0   725.2  1192.5  3487.1 10046.9  53830.2    53818
read      479.5   652.9   160.7   216.0   230.7   393.3   510.4   569.3   611.8
  666.6   747.8   904.4  1463.2  7549.8 32097.6  30318.6    30297
read      449.4   471.9   160.7   213.9   228.5   372.8   488.8   543.9   581.0
  623.8   681.4   806.0  1360.8  5296.0 15223.4  31619.1    31569
read      417.0   458.8   160.7   211.9   225.9   346.7   453.0   513.0   551.8
  593.3   640.5   715.5  1096.7  5299.7 16475.3  38916.5    38927
read      754.5  2112.7   160.7   224.8   246.1   456.3   546.6   592.4   625.4
  664.7   720.0   940.0  8771.7 31944.6 37931.4  10687.7    10652
read      420.7   535.7   160.7   216.0   231.4   349.2   413.6   454.2   486.4
  527.6   584.3   692.2  1726.3  7422.9 20368.2  97988.3    98119
read      404.7   458.8   160.7   209.3   223.4   336.4   424.3   484.8   528.5
  575.9   629.3   707.0  1108.3  4748.8 24030.3  48190.0    48176
read      445.8   491.8   148.8   208.6   223.0   355.6   476.9   537.5   577.9
  623.8   686.0   828.9  1510.7  6129.7 18225.2  34955.2    34929
read      409.3   441.4   160.7   212.3   226.8   336.0   404.4   452.1   490.4
  539.5   606.6   735.9  1597.6  4971.5 12881.6  69859.5    69735
read      597.8  1400.0   160.7   216.7   232.0   432.5   531.3   589.9   638.4
  700.6   777.3   907.6  5139.4 25600.1 37649.5  20749.1    20753
read      427.6   518.0   148.8   214.0   229.0   346.1   411.7   453.8   488.1
  533.9   601.7   778.0  1750.5  6610.7 24078.7  84724.1    84642
read      419.7   410.2   148.8   211.8   225.8   344.1   447.6   510.8   553.0
  598.0   653.8   745.4  1228.2  4739.7 12785.2  42357.4    42333
read      400.9   498.5   160.7   211.4   225.2   332.9   404.7   454.9   495.0
  544.6   605.8   691.6  1195.9  6580.2 27983.6  61514.1    61587
read      388.2   422.3   148.8   211.6   225.5   329.2   391.2   430.3   462.4
  504.7   565.8   668.1  1405.3  4060.5 15372.7  77982.1    77998
read      399.2   479.4   148.8   215.8   231.0   343.2   402.7   438.6   466.9
  503.0   553.6   647.5  1435.0  6359.7 23751.1  97500.9    97625
read      569.5  1151.1   148.8   214.4   230.5   431.6   540.2   604.2   658.0
  725.2   806.6   935.7  4061.8 12352.4 37173.2  23791.4    23781
read      410.8   415.9   148.8   209.9   224.5   336.4   410.2   461.4   503.2
  556.0   627.1   758.5  1530.2  4526.4 12744.9  66670.5    66723
read      488.7   688.7   148.8   212.3   227.2   386.0   500.8   559.0   600.3
  654.7   745.3   955.5  1998.5  7867.5 31376.4  31104.4    31016
read      424.9   309.7   160.7   213.8   228.4   354.3   449.8   508.3   549.7
  599.4   666.7   795.6  1375.7  3158.0  9628.6  47304.8    47394
read      410.6   464.0   148.8   216.7   232.3   347.2   408.5   447.9   478.6
  520.1   581.6   718.5  1543.2  5659.1 18811.7  95370.0    95335
read      824.8  2746.4   173.5   241.2   275.7   398.0   448.9   478.2   503.0
  538.9   598.9  1274.0 11195.4 35704.4 42734.2   5245.6     5252
read      411.7   465.6   148.8   212.5   226.8   338.0   406.8   454.5   492.9
  542.5   609.7   726.5  1613.4  5320.7 20366.8  65795.0    65908
read      583.0  1303.9   160.7   217.7   233.6   433.3   520.2   574.8   618.0
  670.0   734.4   860.2  5200.7 21822.8 37173.5  16904.8    16889
read      426.6   519.6   160.7   211.3   225.4   345.5   444.5   506.7   548.4
  594.4   650.1   748.5  1349.4  6857.1 28378.1  42771.5    42912
read      393.7   483.9   160.7   214.6   229.9   340.5   399.2   434.4   462.2
  497.2   545.1   630.6  1341.8  6918.5 20330.3  99805.8    99898
read      504.3   965.3   160.7   209.6   224.4   397.4   506.8   557.9   594.1
  642.0   727.4   892.0  2083.5 11171.0 32363.5  26266.5    26385
read      605.0  1213.3   160.7   219.6   237.2   458.5   584.3   665.6   720.5
  777.5   846.8   970.5  4059.4 13724.6 35152.9  22568.9    22616
read      412.9   420.7   160.7   211.7   225.6   340.1   424.7   483.5   528.4
  578.6   638.1   734.7  1342.6  5320.1 13810.3  50610.6    50605
read      400.4   548.0   160.7   213.2   227.8   336.4   396.4   432.9   461.9
  499.0   549.9   646.8  1553.1  7067.6 30181.5  90249.5    90283
read      514.3   803.5   160.7   216.2   231.2   420.3   534.2   596.9   648.0
  719.9   809.6   948.0  1634.8 11205.6 34371.0  26245.2    26273
read      397.1   398.8   148.8   209.6   223.3   332.1   415.8   474.9   518.6
  564.1   617.0   690.5  1077.9  4853.7 13542.0  48439.4    48521
read      451.6   535.7   160.7   212.5   226.7   363.6   480.5   539.5   578.7
  624.5   688.3   849.0  1568.1  5426.3 30430.0  34114.8    34058
read      391.8   409.9   148.8   211.9   225.9   333.5   397.4   437.5   470.2
  513.2   574.7   676.2  1409.2  4059.7 11419.3  75497.0    75648
read      484.7   337.5   160.7   220.5   238.2   448.4   555.8   615.1   653.9
  696.3   745.1   822.2  1106.6  3953.2 13388.3  19392.7    19482
read      497.9   549.0   160.7   220.1   238.4   456.3   556.4   608.2   641.8
  679.4   725.9   797.6  1321.4  5504.3 31324.2  15111.5    15054
read      406.4   419.5   160.7   212.8   227.2   340.6   407.1   450.1   484.5
  530.2   593.4   714.1  1595.0  4404.4 12901.9  75823.9    75754
read      684.9  2266.0   173.5   241.6   276.0   394.6   437.3   463.7   484.3
  509.2   550.3   720.0  8584.5 35872.7 48333.9   5196.4     5187
read      698.8  1842.0   160.7   218.2   235.6   451.9   572.3   643.4   688.3
  733.6   790.7   913.9  8680.9 30935.5 40042.7  17683.5    17656
read      395.2   412.4   148.8   213.9   228.5   337.4   396.5   432.2   460.6
  496.8   547.3   641.9  1626.6  4879.6 12143.3  96442.3    96343
read      415.1   373.4   160.7   209.4   223.0   341.3   453.2   513.0   550.8
  592.0   641.2   729.2  1182.0  5013.4 10037.4  36569.1    36665
read      381.7   434.8   148.8   212.1   226.2   330.7   391.0   427.8   456.9
  493.4   543.8   628.5   945.4  6077.5 19280.5  85157.6    85269
read      433.4   390.3   148.8   212.4   226.5   368.8   484.0   537.0   572.9
  614.2   669.3   776.7  1174.8  4348.7 13247.2  31504.1    31525
read      394.6   432.6   160.7   211.9   226.2   336.7   408.3   455.8   493.3
  539.4   596.7   682.3   993.0  4748.7 15606.1  61688.6    61798
read      609.6  1584.9   160.7   218.8   237.1   432.9   506.6   550.8   584.8
  623.8   673.9   768.6  7034.8 30767.8 37388.3  12265.2    12253
read      492.2   794.7   148.8   211.4   226.4   403.7   510.1   563.2   602.1
  653.1   734.1   870.4  1812.9 10889.6 31921.1  25771.4    25710
read      406.5   437.8   160.7   214.9   229.6   342.6   407.2   449.0   481.6
  524.9   585.9   700.0  1560.9  5609.6 12009.7  79821.8    79937
read      628.2  1781.2   173.5   238.5   267.4   416.5   467.3   499.8   526.0
  559.3   611.4   739.7  7613.6 31442.9 39528.4   7277.6     7271
read      413.3   496.1   148.8   214.9   230.0   343.4   406.0   445.9   477.4
  520.6   582.9   709.7  1649.9  6294.9 17654.4  85829.8    85861
read      390.7   479.2   160.7   214.7   229.1   338.4   399.0   436.1   465.3
  501.9   551.1   637.0  1004.9  6249.8 27448.6  91311.4    91467
read      385.4   381.5   160.7   211.2   225.1   330.3   395.6   436.7   469.9
  512.5   570.8   661.4  1123.4  4543.1 12142.9  72205.0    72217
read      433.0   571.1   148.8   211.0   225.3   359.8   470.7   521.6   554.5
  591.5   639.5   735.8  1252.7  7775.2 29604.8  31213.9    31080
read      357.5   211.4   148.8   209.3   223.4   323.5   384.7   422.6   452.3
  488.8   536.2   606.0   742.6  1274.7  7863.8  76916.7    76878
read      353.9   166.3   148.8   207.0   221.3   322.9   383.9   420.1   448.0
  482.2   528.4   596.5   739.1  1351.4  5031.0  84506.2    84584
read      411.5   314.7   160.7   222.4   239.8   411.8   463.1   487.8   503.8
  524.3   547.4   588.2   686.2  3946.3 16131.1  12470.9    12492
read      369.4   198.7   148.8   209.4   223.5   329.1   401.2   449.9   486.3
  527.2   574.1   635.7   747.2  1356.5  7714.1  57108.3    57106
read      350.0   176.6   148.8   210.6   224.7   321.9   376.3   408.3   433.2
  464.1   505.1   573.5   726.6  1467.7  6218.2  96291.4    96245
read      399.2   369.2   160.7   239.5   264.0   386.5   421.8   439.8   454.4
  469.0   491.0   522.7   631.5  5462.6 15370.2   6808.3     6791
read      351.0   162.7   160.7   210.2   224.1   322.3   379.8   413.8   439.1
  470.3   512.4   580.2   720.7  1162.7  5844.2  90805.6    90728
read      394.4   431.7   173.5   248.3   277.3   373.6   404.7   423.4   435.1
  452.4   470.8   507.1   633.9  5749.9 18297.0   5231.1     5151
read      352.1   165.9   148.8   209.3   223.2   322.0   381.8   417.2   444.2
  476.9   521.0   586.3   719.3  1077.6  6151.4  82798.6    82969
read      385.0   219.7   160.7   209.8   224.1   336.6   431.0   488.5   525.6
  564.4   607.4   665.4   779.0  1241.2  9295.7  42613.8    42635
read      349.7   156.9   148.8   208.7   223.4   323.5   378.2   410.3   434.9
  465.8   506.8   574.2   719.5  1153.8  5334.7  99233.3    99337
read      347.9   150.4   148.8   208.8   223.2   321.1   376.5   409.3   434.6
  466.0   507.1   574.3   711.8  1009.4  3975.7  95452.7    95192
read      363.3   170.2   148.8   209.9   224.2   327.7   392.6   433.0   465.3
  504.4   553.3   624.1   758.1  1491.1  4063.4  69129.8    69200
read      378.3   196.1   148.8   210.1   224.5   333.4   415.0   469.4   508.2
  550.1   595.9   657.1   770.4  1329.3  7653.3  49501.8    49459
read      396.9   243.9   160.7   211.3   225.7   356.5   466.0   510.5   538.4
  568.5   602.4   649.5   761.3  1547.9 10638.6  29059.7    29055
read      364.8   171.9   160.7   210.0   224.1   326.4   394.1   437.8   472.6
  514.5   564.8   631.7   746.7  1204.8  5872.9  64354.8    64324
read      396.9   424.6   160.7   244.7   272.1   376.9   409.3   427.8   440.6
  457.8   477.3   508.4   631.6  6266.1 18142.8   5729.5     5705
read      351.6   165.6   148.8   209.5   223.4   322.4   380.9   415.5   441.4
  473.2   517.3   584.1   715.5  1315.5  5917.2  84672.6    84816
read      401.9   269.5   160.7   212.5   227.1   379.7   471.2   509.1   533.9
  560.6   591.2   637.8   753.3  1628.3 12246.8  23627.4    23714
read      359.1   175.6   148.8   207.2   221.4   324.8   389.5   429.3   459.9
  497.2   545.0   615.2   745.5  1177.8  6813.5  74105.2    74116
read      403.4   272.5   160.7   212.4   227.4   395.2   473.9   507.1   528.9
  550.9   581.5   625.1   729.1  2226.6 12372.2  20110.6    19948
read      385.0   226.7   148.8   209.8   224.2   337.9   427.5   483.5   521.3
  561.3   605.3   665.9   786.6  1444.1  8739.5  44175.9    44213
read      405.2   304.7   160.7   215.4   230.4   396.0   469.7   501.2   522.3
  544.5   574.2   617.7   726.6  4008.9 12788.3   7070.3    19454