Total number of intervals = 137Average QPS expected = 51478
Timestamp start: 1716049720770
Timestamp end: 1716050621320

#type       avg     std     min      p5     p10     p50     p67     p75     p80     p85     p90     p95     p99    p999   p9999      QPS   target    
read      415.7   286.2   160.7   234.1   258.1   414.0   451.0   469.6   485.5   502.4   527.5   567.7   670.7  2921.1 14008.3   7414.8     7434
read      365.5   172.0   148.8   207.0   221.6   330.5   400.0   443.0   476.2   517.1   564.8   627.1   739.4  1075.8  5719.5  67233.3    67201
read      359.2   170.6   148.8   208.9   223.7   330.0   392.1   428.2   455.7   489.2   532.7   595.6   732.3  1447.6  6346.3  85815.6    85927
read      384.4   250.9   148.8   211.3   225.8   339.1   414.8   462.2   498.7   541.5   591.9   663.9   869.6  2374.5  8266.4  64000.9    63953
read      495.0   381.9   148.8   218.2   234.6   438.9   557.8   622.8   672.3   732.2   808.1   932.7  1255.1  3808.5 12324.9  31728.6    31595
read      372.4   185.0   148.8   211.5   226.6   337.1   400.4   438.3   467.4   503.4   551.0   628.9   850.9  2135.4  5210.3  87907.7    87879
read      548.3  1328.8   160.7   230.0   253.8   425.3   475.6   505.0   528.2   554.4   592.9   671.8  4620.7 23447.6 38464.6   7312.0     7287
read      412.9   361.6   148.8   213.8   228.6   347.1   427.3   479.9   521.3   571.1   631.8   739.5  1380.0  3621.3 13992.3  62286.8    62295
read      802.8  2547.7   160.7   231.1   259.2   440.2   497.3   529.0   550.8   581.2   624.5   969.7 10020.6 35926.7 58659.8   6583.9     6561
read      672.7  1679.2   160.7   215.8   232.7   454.6   569.9   638.6   693.5   757.5   841.9  1012.0  7430.8 30482.8 35916.8  22393.3    22532
read      404.0   290.8   160.7   209.1   224.0   343.0   423.7   478.0   521.7   573.3   634.3   731.3  1288.1  2758.5  7982.9  60662.0    60653
read      415.0   337.1   148.8   211.2   226.2   347.5   431.4   487.2   530.4   581.7   642.1   745.9  1434.4  3182.7 10143.7  59102.3    59076
read      466.8   356.9   160.7   218.3   234.7   382.3   479.8   542.1   590.0   651.1   748.7   996.0  1661.9  3574.1 10876.2  60124.1    60154
read      539.6   876.7   160.7   220.1   237.0   447.9   548.1   601.2   640.9   696.9   789.6  1010.1  2027.0 13759.4 32027.9  22909.5    22964
read      738.4  2110.7   173.5   227.7   250.9   446.8   515.5   551.3   578.6   610.5   656.5   906.7  8221.1 34551.8 41305.3   8164.1     8172
read      504.9   943.7   160.7   212.3   227.5   400.6   515.1   567.6   603.8   647.2   722.1   887.4  1744.8 12099.1 37363.5  27668.2    27652
read      425.4   314.4   148.8   212.4   227.2   361.5   478.3   538.0   576.1   616.5   664.7   743.0  1129.2  3698.5  9564.0  37456.7    37594
read      496.2   833.1   160.7   213.9   229.1   416.9   521.8   569.3   602.3   641.1   706.7   841.9  1627.2  9000.7 32171.4  24433.8    24367
read      453.3   503.5   160.7   211.0   225.8   365.2   491.0   550.1   588.6   631.1   687.4   818.9  1538.5  6188.2 23441.1  33731.4    33771
read      403.3   361.5   148.8   211.9   227.5   348.1   418.3   461.1   494.8   536.7   592.9   691.5  1414.8  3724.5 10942.7  84922.6    84944
read      390.1   287.7   160.7   212.3   227.4   341.5   407.5   448.4   479.3   519.0   573.8   665.2  1341.5  2941.4  6941.8  85562.0    85666
read      456.0   479.0   148.8   220.5   236.5   381.0   479.2   537.2   580.0   630.3   695.2   825.0  1589.2  4919.3 19196.6  51937.6    51918
read      446.8   413.1   160.7   216.9   231.4   375.9   496.7   555.8   594.3   634.7   684.7   775.9  1280.2  5700.3 14049.3  34440.3    34406
read      455.2   427.1   160.7   214.6   229.2   391.5   514.5   568.2   603.7   642.7   697.0   809.2  1277.2  5004.0 15684.0  28622.9    28664
read      428.2   438.9   160.7   212.8   227.4   354.3   467.4   532.7   574.7   618.4   668.5   746.2  1190.5  5154.0 15744.9  38345.0    38289
read      627.2  1436.1   160.7   219.3   236.3   459.8   578.7   646.3   694.4   747.8   816.0   942.9  5126.5 28238.3 37714.2  20618.2    20658
read      638.6  1614.1   160.7   220.8   238.0   452.3   536.7   585.4   621.2   663.2   719.1   833.0  6568.7 30311.8 38710.5  13929.8    13840
read      435.8   420.4   160.7   222.0   240.3   372.5   443.1   488.5   524.1   569.0   632.2   763.7  1652.4  3943.7 15249.8  93131.2    93419
read      457.1   524.7   160.7   224.6   245.5   387.9   460.9   506.3   543.0   589.0   656.5   796.8  1702.9  6637.0 21707.6  98289.7    98284
read      423.5   397.4   160.7   216.7   231.9   356.8   434.2   483.0   520.9   568.7   633.0   753.8  1624.4  3391.8 14727.1  71393.0    71313
read      420.4   292.8   160.7   215.7   230.3   356.5   461.8   526.8   570.2   615.2   665.1   737.9  1116.4  2950.0  9852.7  42118.6    42089
read      417.7   327.0   148.8   212.8   227.7   350.0   446.3   508.8   551.7   597.5   649.8   736.2  1283.8  3950.8  8989.3  46370.2    46458
read      455.8   418.9   160.7   216.1   230.9   385.2   505.5   559.1   593.8   634.6   688.9   806.5  1365.0  5381.7 16762.9  30671.2    30755
read      408.5   218.4   160.7   215.9   230.2   358.2   459.1   517.7   556.7   598.2   644.0   714.9   891.5  1651.1  7883.5  42788.8    42889
read      386.1   203.2   160.7   219.2   235.2   353.3   416.9   455.1   484.1   520.0   568.1   643.3   866.9  1823.6  7303.0  93441.1    93552
read      390.9   236.7   160.7   214.3   229.0   345.2   420.4   467.0   503.7   547.1   601.5   680.8   936.9  2194.3  7971.0  65535.6    65694
read      475.8   528.2   148.8   216.5   231.6   401.5   523.5   577.3   613.5   655.9   720.5   870.7  1497.9  6716.1 20364.2  29575.9    29574
read      406.7   226.8   160.7   213.4   228.8   355.7   446.0   504.4   546.0   591.4   642.5   719.9   949.6  1990.4  8051.5  51376.8    51355
read      400.1   281.5   148.8   213.3   228.6   348.4   423.8   470.3   507.3   551.9   609.9   695.1  1122.2  2934.0  7930.6  67350.5    67361
read      701.1  1750.9   160.7   221.3   239.7   470.3   583.5   641.1   680.8   727.4   791.2   950.1  7290.6 30851.2 38026.7  16350.6    16287
read      429.4   376.5   160.7   219.9   236.2   363.2   435.4   481.0   516.3   560.9   623.6   752.7  1722.6  3754.3 11535.0  81431.5    81508
read      405.5   319.7   148.8   218.8   234.1   356.8   425.3   466.7   499.3   539.7   593.0   686.6  1246.6  3747.0  8991.8  87657.0    87619
read      413.7   352.8   160.7   223.2   241.9   369.3   434.1   474.8   506.4   544.5   594.9   684.7  1042.0  4282.4 10610.7  98857.3    99068
read      412.0   301.6   160.7   215.7   230.2   353.6   439.7   497.1   540.3   590.0   645.6   726.2  1138.7  2828.9 11492.1  51128.3    51267
read      712.5  1910.7   160.7   222.4   240.8   465.7   558.4   605.9   635.7   673.7   726.9   907.3  7911.9 31564.8 43554.9  11889.2    11822
read      430.4   536.5   148.8   224.1   243.0   373.0   439.3   481.2   512.8   551.1   603.9   692.9  1139.9  8642.9 24142.5  97549.2    97494
read      425.4   369.8   160.7   221.1   239.6   373.0   442.2   485.0   517.6   559.1   617.8   724.6  1491.3  4076.6 12293.5  97367.9    97350
read      405.1   270.7   160.7   212.5   227.3   347.9   431.8   487.9   531.1   580.7   636.7   721.2  1132.0  2835.5  8924.3  55337.1    55460
read      410.1   373.7   160.7   218.0   233.5   357.7   427.9   469.7   502.9   543.8   599.4   696.5  1332.6  3845.8 13118.9  85820.6    85984
read      408.1   351.7   148.8   217.3   232.5   354.2   424.9   467.5   501.3   543.0   599.0   695.3  1441.7  3762.7 10774.1  82102.7    82043
read      412.5   343.3   160.7   215.5   229.9   352.6   436.9   492.0   534.2   583.1   639.5   722.4  1175.7  3847.3 10939.6  52822.7    52873
read      694.2  1836.9   160.7   221.5   239.5   463.1   563.3   615.4   649.6   689.5   743.9   872.8  8604.7 31382.8 39796.0  13932.4    13911
read      432.9   413.7   160.7   217.1   231.7   359.0   451.0   512.0   557.5   608.0   667.6   765.6  1433.5  5050.2 13478.2  49865.8    49984
read      719.8  1983.1   160.7   227.1   248.1   456.2   527.2   566.8   594.7   629.0   677.2   849.2  8285.5 31667.9 37905.2   9375.9     9274
read      580.8  1151.2   148.8   217.7   233.8   434.9   557.1   624.6   677.4   746.2   840.0   999.4  4164.5 12397.3 38719.1  27128.2    27187
read      729.4  1912.8   160.7   218.7   235.9   468.6   591.0   660.9   708.2   760.1   829.5   991.6  8767.4 31291.3 43977.7  18808.6    18735
read      443.5   415.7   148.8   218.8   235.4   368.4   442.2   489.7   526.7   573.9   640.6   805.0  1810.5  3930.0 11547.9  86467.7    86505
read      413.8   314.8   160.7   220.0   237.2   365.5   434.0   475.9   508.0   548.6   605.1   700.3  1282.5  3623.7  9469.5  92992.4    93039
read      410.8   361.0   160.7   216.8   231.8   354.2   427.5   472.2   508.2   551.8   611.1   708.6  1360.6  3971.2 10146.2  75901.1    75999
read      454.6   468.1   148.8   215.3   230.0   377.4   503.1   561.8   599.7   640.2   693.4   806.8  1383.7  5813.2 15800.1  32409.2    32324
read      413.1   416.8   160.7   218.4   233.9   358.0   427.6   469.5   503.1   544.2   600.1   693.5  1353.2  4440.0 17947.3  84443.8    84255
read      407.5   335.5   160.7   217.6   233.1   355.7   426.5   469.3   503.2   544.7   601.5   694.1  1261.7  4047.9  9496.2  81730.9    81759
read      432.8   379.5   160.7   211.7   226.5   358.6   479.3   541.3   581.0   623.1   675.0   778.8  1232.5  4038.4 13547.7  37203.0    37291
read      431.4   438.0   160.7   216.1   230.9   357.8   448.8   506.4   549.2   599.4   660.3   764.8  1428.1  5142.0 15517.2  53596.5    53818
read      481.3   716.2   160.7   213.5   228.4   382.7   512.4   569.5   607.3   648.9   707.1   855.6  1758.1  9145.1 31589.3  30280.8    30297
read      465.6   564.3   160.7   212.5   227.4   374.4   503.0   561.0   599.3   640.4   697.1   833.2  1606.3  7105.5 28543.3  31715.2    31569
read      416.3   328.5   160.7   211.3   225.9   348.6   463.0   526.1   566.3   607.9   654.0   727.3  1105.2  3545.0  9097.7  39112.1    38927
read      763.4  2197.5   160.7   223.5   243.6   465.3   549.1   590.9   620.1   653.9   704.0   918.8  8941.7 32022.0 42046.7  10677.0    10652
read      444.7   481.1   148.8   223.5   242.7   376.8   446.9   491.2   525.8   569.8   631.5   756.7  1735.5  5369.8 20919.5  97991.7    98119
read      410.6   368.2   148.8   211.4   226.0   344.2   436.4   500.1   544.4   592.2   644.5   722.4  1123.8  3908.7 12199.4  48097.4    48176
read      454.3   653.0   148.8   212.0   226.8   363.1   488.2   549.1   588.9   629.2   679.1   778.1  1446.1  7263.1 29927.6  35115.9    34929
read      419.8   405.8   148.8   214.1   229.0   345.9   423.6   472.6   512.5   563.4   631.8   763.3  1615.8  4002.9 13953.9  69683.8    69735
read      651.9  1503.3   160.7   219.3   236.4   464.5   583.5   653.3   704.6   760.9   834.6   988.9  6446.3 29515.2 38057.7  20727.0    20753
read      445.1   591.8   160.7   215.3   231.6   359.0   430.8   475.9   511.9   558.6   625.5   785.1  1852.2  7666.8 26738.7  84504.8    84642
read      415.0   392.0   160.7   209.2   223.7   343.6   449.4   515.3   558.0   603.0   651.9   725.0  1127.8  5435.3 10137.0  42403.0    42333
read      411.7   425.3   148.8   213.2   228.0   344.0   423.7   476.2   517.6   567.2   627.9   720.6  1324.1  5342.2 15005.5  61838.8    61587
read      411.8   503.0   160.7   216.5   231.7   347.1   417.9   461.2   495.5   538.2   595.4   692.7  1497.8  4964.4 27388.3  77940.8    77998
read      424.3   508.5   148.8   221.7   239.8   365.4   431.4   471.2   502.5   541.0   593.1   691.9  1486.7  6618.9 20598.8  97723.2    97625
read      585.4  1257.6   160.7   217.4   232.8   437.1   551.3   611.9   655.8   714.2   799.7   963.8  4608.5 18952.6 37588.0  23814.8    23781
read      422.7   522.6   160.7   214.5   229.2   347.6   424.5   473.2   512.5   561.0   624.3   736.3  1613.5  7070.5 28719.4  66674.4    66723
read      485.9   745.4   160.7   213.6   228.3   378.4   508.4   566.2   604.2   645.9   709.8   880.8  1875.0  8342.2 31434.1  31064.1  31016
read      417.0   318.1   160.7   214.7   229.2   352.8   448.5   509.8   553.0   601.7   655.9   735.5  1204.8  3527.7  9636.7  47428.3  47394
read      411.2   529.9   160.7   216.7   232.7   353.9   419.2   459.7   491.5   530.7   582.4   668.6  1096.9  7011.8 29334.4  95226.5  95335
read      881.2  2881.9  173.5   241.5   278.2   426.5   475.7   503.0   525.0   550.2   598.9  1713.3 12695.0 36200.6 49718.0  5254.1    5252
read      432.2   541.8   148.8   214.0   229.1   349.8   428.6   480.0   521.4   572.2   635.9   752.9  1724.1  6621.1 28149.4  65660.9  65908
read      653.9  1807.7   160.7   218.8   234.9   452.2   544.5   597.1   636.4   685.0   751.9   905.9  6191.3 31068.6 43934.4  16957.4  16889
read      432.8   461.1   160.7   213.4   228.0   353.5   459.1   523.7   567.0   613.0   665.7   745.5  1401.7  6095.2 13855.9  42834.1  42912
read      425.2   540.6   160.7   221.5   239.5   366.7   432.6   472.3   503.2   540.9   592.1   688.5  1279.5  7302.1 28005.4  99952.4  99898
read      490.3   741.3   160.7   214.0   228.9   408.3   522.7   573.9   609.2   650.3   713.3   855.0  1643.8  8764.6 32154.7  26445.6  26385
read      638.6  1455.2   160.7   217.3   233.7   450.5   569.6   639.7   693.4   751.6   824.2   956.2  6864.9 25954.5 36723.0  22587.9  22616
read      425.1   535.6   148.8   212.3   226.7   344.9   433.7   494.6   539.2   588.4   643.3   732.8  1428.4  7261.0 23501.8  50692.1  50605
read      409.4   450.5   160.7   216.0   231.6   351.6   418.9   460.1   492.1   531.6   585.2   679.8  1481.9  5735.9 18067.6  90199.2    90283
read      509.3   792.4   160.7   211.8   227.0   408.5   527.7   582.1   619.2   663.9   731.7   889.7  2541.5  9043.3 32042.3  26364.8    26273
read      417.4   362.8   160.7   212.2   226.8   347.5   442.8   505.0   549.1   598.1   653.9   736.7  1288.9  4039.1 10056.7  48586.7    48521
read      442.2   535.0   160.7   211.5   226.1   359.6   482.6   541.6   579.3   619.4   668.8   759.5  1362.3  6787.6 28485.6  34202.9    34058
read      401.0   396.2   160.7   213.4   228.3   342.7   412.5   456.1   490.7   534.5   592.2   689.3  1360.5  4145.5 12238.6  75501.8    75648
read      660.7  1510.0   160.7   218.5   235.1   459.9   576.0   642.0   689.9   743.6   815.1   986.7  6595.7 28356.2 36851.0  19519.2    19482
read      568.6  1050.5   160.7   223.7   242.4   468.7   573.3   626.4   663.3   706.0   760.9   853.0  3529.4 11904.2 36621.4  15179.7    15054
read      433.8   558.4   148.8   217.9   232.9   356.6   432.3   479.0   515.6   561.7   626.2   749.4  1781.2  6380.0 30784.4  75753.2    75754
read      517.2  1239.2   173.5   244.8   281.8   417.8   461.9   487.2   505.2   530.2   563.4   632.2  2590.1 21732.1 41442.7   5188.8     5187
read      490.6   368.2   160.7   221.0   238.9   461.7   564.1   616.6   651.4   690.4   738.9   812.0  1086.1  4325.2 12409.4  17557.4    17656
read      445.0   587.1   148.8   219.4   237.0   370.5   440.6   485.5   520.2   563.6   626.0   749.6  1749.5  7275.2 30833.2  96341.4    96343
read      439.4   426.1   148.8   211.2   225.9   356.6   478.5   541.0   581.3   623.6   673.7   766.9  1468.5  5443.0 13084.0  36646.1    36665
read      439.9   506.5   148.8   219.1   235.8   365.6   438.2   484.3   520.5   566.8   631.8   777.2  1719.2  6348.8 19109.2  85181.4    85269
read      456.2   509.9   160.7   214.3   228.9   378.3   503.2   558.2   594.6   634.0   686.5   804.7  1364.8  6436.2 22677.5  31478.3    31525
read      402.6   342.2   160.7   212.7   227.0   341.2   417.3   466.9   506.7   554.9   615.7   701.4  1330.3  3915.2 10214.4  61684.5    61798
read      597.8  1405.5   160.7   221.9   239.5   456.6   539.7   582.5   611.7   642.3   687.0   778.2  5884.1 28136.2 37807.6  12201.8    12253
read      494.5   765.0   160.7   214.3   229.4   411.8   523.8   576.3   612.6   655.5   720.7   848.6  1591.9  9949.4 30141.5  25574.2    25710
read      416.7   439.6   160.7   216.4   231.6   352.4   423.1   466.5   501.0   543.6   601.8   706.6  1570.0  6150.4 11836.0  80009.5    79937
read      542.6  1409.4   160.7   229.1   254.1   417.9   465.3   492.7   511.7   537.8   574.3   637.9  4562.1 29852.7 39143.5   7299.4     7271
read      416.6   513.9   148.8   213.3   229.4   350.5   418.7   460.9   494.0   535.6   591.6   691.1  1603.2  6424.2 24079.0  85679.4    85861
read      411.7   476.9   160.7   218.9   235.3   359.5   426.6   466.3   497.3   535.2   585.2   668.7  1018.8  6338.6 15876.0  91348.3    91467
read      394.1   332.1   148.8   213.2   228.1   343.4   416.0   460.3   494.3   535.9   588.8   670.2  1033.2  3918.8 10007.3  72103.2    72217
read      406.6   276.2   160.7   211.6   226.3   359.5   481.4   530.1   559.4   589.8   625.1   672.6   768.6  1688.7 11261.5  31079.2    31080
read      363.4   192.4   148.8   210.2   224.6   331.1   396.2   434.7   464.7   500.9   545.2   610.8   730.4  1244.8  7844.8  76914.1    76878
read      359.8   165.6   148.8   210.6   225.0   330.3   393.3   429.7   457.5   491.0   534.1   596.8   731.1  1165.1  5733.8  84815.8    84584
read      426.7   323.6   160.7   223.6   240.3   431.3   483.8   508.0   526.2   544.8   571.7   611.3   723.5  4698.6 13697.9  12489.5    12492
read      375.6   203.2   160.7   210.4   224.9   335.5   410.6   460.2   497.8   540.3   588.3   647.7   746.7  1123.2  8254.9  57205.0    57106
read      350.8   163.3   160.7   210.4   225.0   325.9   382.2   414.4   438.1   468.1   507.1   568.2   687.6   973.0  7718.4  96020.8    96245
read      418.2   462.9   173.5   236.2   262.3   404.0   439.8   458.9   470.9   489.5   508.7   547.1   653.7  6353.8 18294.9   6753.0     6791
read      362.1   175.7   148.8   210.7   225.7   334.1   395.4   430.6   457.2   489.3   531.7   595.3   742.4  1233.9  7677.9  90391.2    90728
read      430.8   478.8   173.5   249.5   286.0   395.8   429.8   450.4   465.3   486.2   514.4   579.9   936.4  8225.1 15779.0   5163.0     5151
read      369.5   194.1   148.8   211.0   226.1   335.5   400.1   438.7   468.1   504.4   550.5   623.3   801.9  1518.0  7664.6  82843.2    82969
read      395.3   233.1   148.8   211.3   226.1   345.3   445.0   503.5   539.9   578.0   620.0   676.6   814.4  1496.9  9492.8  42440.5    42635
read      363.4   152.9   148.8   215.8   231.2   339.1   396.2   429.3   454.7   485.3   526.0   587.3   729.8  1061.7  4187.1  99270.5    99337
read      363.4   178.2   148.8   212.9   228.0   334.5   393.4   428.4   455.2   487.7   530.4   594.3   762.8  1516.3  7643.5  95215.6    95192
read      373.1   186.5   148.8   211.0   225.7   337.2   407.6   451.1   483.6   523.0   571.4   636.6   774.4  1341.3  6594.5  69257.4    69200
read      388.9   207.2   160.7   210.4   225.2   341.9   430.2   489.5   529.3   570.8   616.1   674.2   802.3  1373.4  7890.4  49566.5    49459
read      404.7   250.9   148.8   208.3   223.1   358.5   485.4   531.9   559.8   588.7   623.3   671.5   777.9  1951.4 10008.9  29165.9    29055
read      370.7   182.4   148.8   208.8   223.4   332.7   404.2   450.7   486.0   527.9   576.6   638.0   747.1  1218.9  6398.9  64424.1    64324
read      416.5   431.2   173.5   245.6   277.3   394.3   427.5   446.0   459.8   474.8   500.5   543.8   673.8  8150.8 17671.4   5738.6     5705
read      358.6   163.1   148.8   209.8   224.3   328.2   391.4   428.2   456.3   490.0   533.3   595.3   725.2  1306.3  5548.7  84497.3    84816
read      410.1   235.5   160.7   213.5   228.1   388.5   492.3   530.0   553.1   579.0   609.2   649.6   744.7  1634.3  8363.0  23674.2    23714
read      362.9   170.5   160.7   209.4   223.8   329.8   396.5   436.0   466.4   503.2   548.4   614.9   739.0  1275.6  5948.4  74359.2    74116
read      420.9   261.0   148.8   217.8   232.2   417.1   497.1   530.7   552.1   577.9   608.0   650.8   783.9  2183.5 10425.3  19939.2    19948
read      388.3   198.2   148.8   209.8   224.5   341.8   436.3   496.7   534.3   573.0   614.9   668.4   771.9  1192.3  7949.5  44245.0    44213
read      422.3   305.6   160.7   217.0   231.9   420.1   499.0   531.6   552.5   578.0   608.1   651.0   747.8  2221.8 13090.2   7064.2    19454

Total QPS = 51612.4 (46451184 / 900.0s)

Total connections = 64
Misses = 0 (0.0%)
Skipped TXs = 0 (0.0%)

RX 11473442942 bytes :   12.2 MB/s
TX          0 bytes :    0.0 MB/s
Warning! Detected max cpu usage > 95%
CPU Usage Stats (avg/min/max): 99.97%,49.75%,100.00%
ubuntu@client-measure-98fd:~/memcache-perf-dynamic$
