Total number of intervals = 90
Timestamp start: 1715943774206
Timestamp end: 1715944674861

#type       avg     std     min      p5     p10     p50     p67     p75     p80     p85     p90     p95     p99    p999   p9999      QPS   target
read      320.4   526.5    74.4   139.8   163.6   300.0   342.8   366.4   383.0   401.4   427.9   469.0   593.7  6061.9 30869.3   7434.5     7434
read      369.4   372.7    63.8   125.2   143.5   283.1   363.7   416.7   459.2   514.0   600.8   983.4  1777.6  2658.1 10532.1  67195.6    67201
read      336.8   255.0    63.8   128.9   148.9   302.0   379.8   426.6   462.0   504.7   559.6   643.2   851.6  2051.6  8147.2  85925.9    85927
read      337.1   243.8    63.8   125.2   143.5   301.5   382.1   429.0   463.2   503.5   554.7   634.0   924.1  2561.3  7320.1  63936.1    63953
read      406.1   710.2    68.9   124.9   143.3   302.8   396.5   458.5   504.7   566.3   677.8   924.9  1612.9  9502.0 32012.9  31608.2    31595
read      383.7   403.7    63.8   130.7   152.2   312.3   394.9   447.6   488.3   539.0   611.9   777.2  1753.9  3955.1 12589.8  87926.1    87879
read      689.4  2521.6    74.4   137.7   165.5   310.3   361.6   392.1   415.4   445.2   493.3  1010.1 10741.0 36033.5 42461.4   7272.0     7287
read      350.3   341.6    63.8   124.4   142.9   300.6   381.2   429.2   464.8   507.3   564.2   660.7  1409.9  3225.5 11254.6  62314.8    62295
read      686.2  2536.5    74.4   139.8   167.9   300.5   346.7   374.1   396.1   425.3   471.7  1025.7 10415.9 36134.3 40203.3   6530.1     6561
read      530.5  1460.4    68.9   127.1   146.2   319.9   434.2   515.6   584.8   661.3   751.0   908.5  6257.5 28350.6 37718.8  22475.8    22532
read      346.4   340.1    68.9   126.2   144.5   303.1   383.0   430.2   465.0   506.0   559.4   644.9  1172.5  3149.8 11035.9  60502.4    60653
read      353.2   344.5    68.9   126.4   145.1   307.3   388.7   436.4   471.8   515.4   571.9   666.9  1278.8  3055.5 10978.7  59110.1    59076
read      356.4   288.8    68.9   127.5   146.0   309.8   392.5   441.6   478.7   524.1   583.0   684.7  1309.5  2865.7  7916.7  60117.6    60154
read      531.8  1422.4    68.9   129.5   149.7   333.3   453.4   538.7   604.7   676.9   767.4   928.3  5420.8 27908.4 37726.8  23012.3    22964
read      652.6  2327.9    74.4   134.3   160.4   310.9   368.3   401.1   426.0   457.1   503.1   735.9  9985.4 35184.6 38454.5   8146.2     8172
read      457.4  1111.2    74.4   128.5   147.3   307.8   399.3   461.3   509.9   580.7   706.8   928.1  3032.9 13914.6 36326.4  27593.3    27652
read      398.0   507.1    68.9   126.9   145.4   309.2   398.5   459.9   507.7   575.2   701.7   999.0  1490.9  6079.3 20371.5  37491.0    37594
read      480.3  1215.1    68.9   127.2   145.9   314.5   423.3   496.2   559.7   645.5   750.6   910.0  3624.7 18033.7 37417.2  24311.5    24367
read      375.3   384.9    68.9   125.7   144.0   305.8   391.4   448.8   492.1   545.5   632.9   892.9  1329.1  4515.1 10995.2  33761.3    33771
read      385.8   407.8    68.9   134.1   156.0   321.8   406.2   458.5   498.4   547.5   616.7   745.5  1662.4  4376.0 11004.5  85108.5    84944
read      380.9   426.7    68.9   133.0   154.3   318.3   400.7   452.3   491.6   540.4   609.0   737.6  1595.5  4930.4 11314.1  85736.9    85666
read      349.3   299.9    68.9   127.2   145.6   308.0   389.0   436.5   471.0   512.7   567.8   653.4  1165.7  2959.6 10211.2  51990.5    51918
read      374.5   460.7    68.9   128.3   146.9   305.8   390.7   446.0   487.3   537.1   609.9   825.6  1310.6  5273.5 14499.7  34519.7    34406
read      470.3  1116.7    74.4   128.5   147.4   312.4   417.0   490.1   553.9   660.3   804.4   989.0  2123.4 14044.5 36918.7  28760.6    28664
read      369.9   469.6    63.8   126.6   144.9   304.3   383.4   434.2   473.0   521.5   586.8   774.5  1389.0  5292.9 15391.1  38188.3    38289
read      529.6  1473.6    74.4   128.9   148.3   328.3   439.6   513.7   573.7   640.7   721.1   862.3  6288.1 28358.7 37468.5  20657.8    20658
read      656.2  2207.3    74.4   128.9   148.8   338.2   435.4   491.0   528.1   569.9   625.5   792.3  9899.2 32300.0 43990.9  13786.9    13840
read      380.2   459.5    68.9   137.2   159.8   323.2   406.1   456.9   494.9   541.1   603.1   713.3  1330.9  6576.2 13540.9  93320.0    93419
read      358.7   242.4    68.9   138.0   161.2   322.5   403.2   452.3   488.9   533.4   591.5   688.6   910.8  1576.7  9115.5  98137.2    98284
read      371.8   385.1    68.9   133.3   153.5   321.8   406.9   458.5   496.6   542.2   602.7   706.6  1212.4  3727.7 14591.1  71437.8    71313
read      380.4   419.6    68.9   127.8   146.5   316.7   402.2   455.0   494.3   542.1   607.9   757.0  1504.2  5140.6 13522.9  42062.1    42089
read      375.4   466.9    68.9   127.1   145.5   311.1   393.9   444.7   482.6   529.2   591.0   727.1  1531.2  5491.9 19163.6  46387.5    46458
read      411.1   804.4    68.9   127.4   145.7   308.0   397.8   457.2   501.9   561.1   664.4   904.5  1559.7 10632.8 35166.4  30799.7    30755
read      363.5   331.1    74.4   127.9   145.8   311.0   390.9   439.5   475.6   520.9   581.3   698.9  1435.8  3583.0  9575.2  42924.6    42889
read      373.5   402.3    68.9   135.2   157.2   319.3   399.4   448.9   486.6   533.6   596.4   707.7  1405.9  4676.3 11701.2  93479.7    93552
read      362.5   370.5    68.9   130.6   149.7   313.6   397.4   447.6   484.3   528.4   584.3   679.9  1284.3  3617.0 12290.6  65613.8    65694
read      451.7  1007.6    68.9   127.6   146.4   312.8   411.7   479.6   535.6   619.9   766.0   979.3  2143.0 11783.9 36143.9  29600.1    29574
read      362.0   347.8    63.8   129.0   147.7   316.5   400.1   449.8   486.3   530.2   585.8   679.9  1303.8  3162.8 10490.0  51399.1    51355
read      366.4   386.8    68.9   131.2   150.5   315.1   398.4   448.6   485.6   530.3   587.3   684.4  1408.0  4082.8 10335.6  67395.8    67361
read      623.8  2012.8    74.4   129.4   149.0   341.3   444.1   508.7   553.1   602.5   667.4   817.2  8992.6 31721.8 38809.0  16261.4    16287
read      383.9   410.7    63.8   134.2   155.2   321.0   404.3   456.8   496.8   545.6   614.0   741.7  1675.1  4708.2 12480.9  81637.1    81508
read      380.0   418.8    74.4   135.4   157.2   322.2   403.7   454.7   493.5   541.5   607.8   725.6  1508.1  4579.9 11796.2  87700.3    87619
read      384.6   382.9    68.9   138.1   162.5   333.0   414.3   464.2   502.7   550.2   619.1   738.8  1220.6  4283.3 11189.8  99026.9    99068
read      346.4   285.1    68.9   127.4   145.5   310.6   391.8   438.7   471.9   512.7   565.6   645.2   987.6  2557.0  9853.6  51311.2    51267
read      652.5  2248.6    74.4   130.4   151.9   332.1   415.6   462.1   494.8   533.4   586.4   750.9  9640.8 32166.1 49105.5  11933.5    11822
read      403.7   503.7    68.9   140.0   164.7   339.0   423.2   473.3   513.1   564.8   637.5   776.3  1619.8  6391.0 20361.2  97354.7    97494
read      382.0   589.7    68.9   134.9   157.3   319.2   397.7   446.8   484.2   531.2   593.5   705.0  1229.8  7796.1 29332.6  97365.5    97350
read      351.2   370.2    68.9   126.0   144.2   307.2   389.1   436.5   471.2   513.8   567.5   652.0  1198.4  3461.4 12406.4  55440.1    55460
read      373.5   534.7    68.9   130.0   150.5   307.5   388.0   436.7   473.9   521.5   584.3   693.9  1619.3  5818.5 29717.3  86031.2    85984
read      367.3   469.6    63.8   129.6   149.2   304.4   383.7   433.2   470.8   517.7   580.2   690.3  1590.3  4972.8 15969.0  81999.6    82043
read      357.7   335.9    68.9   127.3   145.7   312.4   395.9   445.2   481.2   524.8   580.2   669.5  1288.1  3930.3 10039.1  52913.6    52873
read      624.7  2035.9    74.4   129.7   149.7   339.1   432.4   487.1   523.9   565.1   619.6   756.0  9256.8 31795.0 43356.3  13906.2    13911
read      355.9   411.7    68.9   125.0   143.1   305.4   386.0   434.0   470.0   512.8   568.8   661.7  1328.5  5390.1 11319.7  49991.5    49984
read      454.5  1457.3    80.4   140.5   164.8   320.2   380.3   414.9   439.1   468.3   507.5   582.4  3747.6 29786.9 46177.0   9276.5     9274
read      433.0   574.8    68.9   128.8   148.0   323.5   459.8   566.0   643.4   722.5   815.9   946.6  1273.0  6798.5 30442.5  27232.7    27187
read      472.1  1226.6    68.9   127.6   146.8   333.1   439.4   506.6   550.4   598.3   654.6   746.1  3832.2 18192.9 36956.6  18669.8    18735
read      369.7   414.2    68.9   132.5   153.3   313.6   394.8   444.2   481.8   528.0   588.3   693.4  1423.3  5029.8 10452.7  86321.5    86505
read      354.3   353.3    68.9   131.0   151.6   305.1   382.7   430.9   467.2   511.3   571.1   669.8  1198.6  4282.0 10081.4  93067.5    93039
read      356.3   430.1    68.9   128.5   147.6   303.3   383.6   432.8   469.0   512.7   570.3   663.6  1317.5  4628.8 17715.3  76142.3    75999
read      380.0   648.3    68.9   124.6   142.5   301.3   388.3   443.8   483.9   533.3   603.4   805.4  1366.7  7939.2 31899.7  32295.8    32324
read      356.7   362.6    68.9   129.6   149.6   305.0   384.1   432.4   469.0   514.2   574.6   673.0  1343.3  4332.5 11004.6  84427.9    84255
read      357.1   425.3    68.9   128.4   147.9   302.8   382.9   431.1   467.7   512.0   571.7   669.4  1268.5  5899.9 12508.3  81703.7    81759
read      356.9   408.3    68.9   122.5   140.2   297.9   380.1   432.2   470.4   516.0   575.6   701.7  1292.6  5082.8 13361.9  37273.2    37291
read      342.9   327.5    63.8   124.5   142.2   303.4   383.3   430.1   464.4   505.4   556.1   633.6  1008.3  4412.3  9947.6  53824.7    53818
read      423.6   822.7    63.8   123.8   142.2   304.1   410.0   480.0   537.9   623.4   759.6   940.2  1484.6 10271.8 32457.4  30330.7    30297
read      385.7   558.2    68.9   124.5   142.6   302.1   391.8   452.0   497.8   557.2   668.0   899.0  1286.9  6993.0 25629.1  31595.0    31569
read      360.4   430.6    63.8   122.2   140.3   300.9   382.9   435.5   474.4   521.7   583.6   724.4  1307.7  4549.6 12500.4  38868.4    38927
read      605.2  2106.7    74.4   130.2   152.6   323.0   395.7   434.8   461.9   493.5   535.6   634.2  9027.3 32242.7 40051.3  10637.2    10652
read      367.2   426.5    68.9   132.1   153.9   308.7   386.8   435.4   472.0   518.7   582.2   690.0  1523.6  5140.7 12197.7  98261.9    98119
read      339.0   345.7    68.9   122.9   140.6   300.7   379.0   426.2   461.5   503.1   554.0   630.1  1011.4  3548.1  8944.6  48122.0    48176
read      367.7   503.3    68.9   123.2   141.1   298.7   385.3   440.4   482.2   531.5   601.3   812.7  1258.8  5564.3 25073.3  34779.6    34929
read      359.9   360.2    68.9   129.0   148.2   309.5   393.2   443.0   479.9   525.1   583.4   680.0  1285.8  4202.9 11466.1  69686.4    69735
read      478.1  1269.3    68.9   126.8   145.4   325.8   432.8   500.4   550.6   610.0   681.3   796.9  3954.0 17996.4 35593.4  20669.8    20753
read      667.0   688.3    68.9   165.7   198.3   379.9   556.7   764.0  1202.2  1471.6  1651.7  1872.4  2768.9  3480.5 17668.7  84552.6    84642
read      410.1   387.0    63.8   124.1   142.1   286.5   388.2   474.0   573.4   746.3   955.6  1158.3  1432.5  1798.2 10583.9  42336.0    42333
read      416.5   444.9    63.8   124.1   142.7   275.0   358.5   421.5   481.9   604.6  1038.2  1430.4  1837.0  2349.4 10703.6  61660.2    61587
read      450.4   498.4    63.8   130.2   151.0   288.1   373.9   439.6   505.2   643.1  1045.1  1651.3  2233.9  2954.3 10179.2  77982.5    77998
read      773.9   736.0    68.9   206.5   237.3   444.8   686.0  1418.3  1518.2  1626.5  1722.8  1851.6  2696.1  5664.6 19068.5  97503.3    97625
read      404.2   513.0    68.9   123.4   140.2   306.8   424.6   511.3   576.8   645.4   733.0   903.9  1608.5  5745.0 20366.1  23769.0    23781
read      417.4   457.9    63.8   125.3   143.9   273.8   355.4   417.5   475.6   589.5   999.3  1477.6  1947.6  2448.8 10857.2  66795.1    66723
read      400.2   298.8    63.8   126.0   144.6   310.7   437.9   542.5   625.4   708.5   801.3   927.0  1134.7  1459.2  7707.2  31164.7    31016
read      415.2   387.3    63.8   126.0   144.3   285.4   380.2   462.2   550.6   757.7  1010.8  1228.4  1487.4  1809.2  9763.5  47444.5    47394
read      766.1   781.1    74.4   191.3   229.6   433.7   661.2  1403.1  1504.0  1620.9  1720.5  1856.2  2729.2  8011.0 20101.5  95310.7    95335
read      361.5   809.7    80.4   139.3   162.7   284.0   324.9   349.0   368.5   395.0   438.9   633.7  1710.3 11064.8 32157.9   5304.1     5252
read      419.8   445.6    63.8   125.8   144.8   275.3   358.8   422.8   485.2   604.5  1008.2  1463.8  1937.3  2622.8 10366.1  65829.1    65908
read      360.5   297.2    68.9   130.4   150.6   334.1   420.7   470.6   504.3   538.6   579.5   636.1   765.9  3182.5 12938.9  16866.0    16889
read      418.3   375.2    63.8   126.0   144.6   293.5   400.8   496.9   608.3   775.5   963.6  1158.2  1415.5  1798.9  9846.3  42960.7    42912
read      782.5   788.7    68.9   207.8   238.6   448.7   691.2  1416.8  1517.9  1632.5  1729.0  1865.2  2739.9  8673.6 20436.6  99975.1    99898
read      417.5   526.7    68.9   122.2   139.4   302.1   425.5   521.4   600.1   686.5   800.3  1011.0  1692.7  4193.6 21868.6  26325.5    26385
read      379.8   287.3    68.9   127.4   147.3   340.7   448.9   513.7   557.1   602.5   653.8   729.5   894.4  1519.5  9968.7  22620.3    22616

Total QPS = 51582.6 (46424304 / 900.0s)

Total connections = 64
Misses = 0 (0.0%)
Skipped TXs = 0 (0.0%)

RX 11466802594 bytes :   12.2 MB/s
TX          0 bytes :    0.0 MB/s
Warning! Detected max cpu usage > 95%
CPU Usage Stats (avg/min/max): 99.99%,49.75%,100.00%
ubuntu@client-measure-0r2f:~/memcache-perf-dynamic$
