read      434.8   393.8   173.5   246.6   272.8   406.3   444.5   465.4   481.9
  502.1   534.4   602.2  1200.6  6805.2 13986.1   7425.2     7434
read      430.9   323.7   160.7   213.8   230.0   355.1   437.7   492.8   535.6
  589.2   672.1   860.9  1573.5  3632.1  8682.7  66890.6    67201
read      455.9   330.2   148.8   218.0   235.6   370.8   452.0   505.5   550.2
  617.2   732.7   991.7  1793.4  3447.0  6426.7  85945.9    85927
read      393.5   268.0   148.8   211.2   226.7   343.3   417.1   464.4   501.2
  544.6   601.1   692.2  1075.0  2363.0  8654.1  63983.6    63953
read      490.8   394.8   160.7   219.2   236.4   430.2   547.6   623.7   676.7
  735.2   805.3   913.5  1175.9  4238.6 10933.2  31596.7    31595
read      364.1   192.8   148.8   209.3   224.0   329.9   390.4   426.8   455.4
  491.3   538.6   616.0   810.1  1849.7  7599.5  87728.9    87879
read      578.7  1587.3   160.7   230.5   256.2   411.5   464.4   497.3   522.5
  552.8   592.4   674.5  5604.5 31204.2 37336.9   7332.6     7287
read      404.5   386.9   148.8   210.0   224.7   341.3   415.6   464.6   503.3
  550.1   612.1   716.0  1385.7  4021.1 11962.6  62076.2    62295
read      774.2  2387.7   160.7   230.4   260.7   426.9   488.6   522.3   545.2
  578.3   630.5  1117.1  9488.9 32382.7 47196.5   6567.6     6561
read      606.3  1389.4   160.7   214.1   230.3   437.1   545.4   613.1   668.0
  735.9   822.5   981.1  5616.3 27196.1 37585.8  22525.0    22532
read      412.2   349.3   160.7   211.0   225.8   346.2   424.3   475.3   518.1
  569.8   635.9   747.5  1419.7  3706.7 12553.7  60690.2    60653
read      403.7   320.0   148.8   210.5   225.3   345.5   424.0   475.3   516.9
  566.9   628.4   725.0  1240.7  2733.3  9489.1  59157.9    59076
read      403.9   309.7   148.8   210.0   224.6   342.8   420.5   471.5   513.5
  564.8   628.5   731.1  1278.1  2889.1 10550.6  60069.5    60154
read      651.1  1459.1   160.7   218.6   235.2   455.7   587.4   669.9   725.2
  786.0   861.9  1017.5  6466.9 29005.6 37822.0  22937.3    22964
read      785.1  2250.6   173.5   227.7   252.1   444.7   518.2   556.0   584.1
  619.4   673.5  1152.3  9038.2 32183.0 39668.7   8232.1     8172
read      477.7   818.3   160.7   209.6   224.3   381.2   493.3   544.8   579.0
  619.2   676.4   817.2  1683.0 10925.9 31621.2  27647.6    27652
read      432.2   419.8   148.8   208.2   222.7   353.1   466.4   528.8   569.1
  614.0   672.2   796.5  1372.0  4814.2 12697.1  37490.6    37594
read      620.4  1397.4   160.7   211.7   228.0   443.3   566.9   640.3   699.3
  768.5   854.9  1019.0  5708.0 28273.9 39336.2  24364.8    24367
read      425.5   442.6   148.8   207.5   222.1   350.9   468.9   524.4   560.7
  600.1   650.5   743.5  1195.7  5633.5 16071.9  33813.2    33771
read      388.8   334.9   148.8   211.5   226.5   338.9   402.6   442.3   472.8
  512.7   568.5   665.2  1246.8  3615.9 11315.3  84707.4    84944
read      391.4   299.9   148.8   209.8   224.5   338.0   400.3   438.6   470.0
  510.5   571.7   683.5  1496.3  2964.1 10421.0  85669.2    85666
read      396.6   296.3   148.8   209.1   223.3   340.1   420.4   474.8   517.9
  566.9   624.8   704.2  1083.2  2620.9 10989.9  51846.8    51918
read      445.3   499.9   160.7   211.3   226.1   366.6   480.8   541.4   582.5
  628.1   687.1   803.0  1316.5  6601.4 19854.7  34377.3    34406
read      437.1   531.8   160.7   211.0   225.1   360.5   468.5   522.5   559.3
  601.9   658.5   770.2  1363.0  5976.5 24412.9  28697.7    28664
read      398.5   414.3   160.7   208.0   221.4   331.2   431.2   492.6   533.4
  577.0   627.1   699.0  1043.9  3034.9 16979.9  38156.5    38289
read      484.0   903.1   148.8   211.1   225.6   400.7   492.9   538.6   572.7
  616.0   680.1   789.9  2173.3 11036.7 37727.8  20596.2    20658
read      650.8  1759.5   160.7   213.5   230.9   436.8   538.6   593.4   630.1
  671.2   724.1   847.5  6446.6 31020.8 41264.7  13930.2    13840
read      408.2   656.5   148.8   210.4   225.5   333.9   393.3   430.4   460.4
  499.0   553.9   667.1  1568.2 15130.4 19924.7  93246.5    93419
read      434.6   749.5   160.7   219.6   236.8   355.7   417.2   456.4   487.7
  528.4   586.5   704.9  1505.6 15939.0 24737.5  98164.1    98284
read      401.4   500.2   160.7   211.5   225.9   334.8   401.8   446.2   481.8
  528.8   592.1   706.3  1348.8  5441.8 17510.7  71346.1    71313
read      392.2   328.1   160.7   207.9   221.5   326.5   417.7   478.5   520.5
  565.4   618.0   692.5  1083.2  3172.5 15393.0  42155.5    42089
read      404.8   418.2   148.8   209.3   223.2   332.4   420.8   480.2   523.7
  573.2   632.4   730.9  1176.7  3991.9 16206.2  46433.3    46458
read      427.9   560.4   148.8   209.2   223.0   348.0   463.3   518.3   553.4
  592.7   642.1   740.1  1180.4  7603.2 28570.0  30656.8    30755
read      384.3   384.0   148.8   207.9   221.7   325.3   412.1   470.3   509.6
  549.9   598.2   666.7   844.8  3259.2 15617.4  42991.8    42889
read      386.8   611.9   148.8   213.2   228.2   332.6   390.4   425.8   453.7
  488.7   536.8   619.6   881.1 12757.2 20409.4  93571.5    93552
read      369.5   288.5   148.8   206.4   220.6   323.7   392.3   436.2   470.3
  511.7   565.7   644.4   852.4  1742.2 15787.5  65480.2    65694
read      435.5   511.1   148.8   208.8   223.5   363.6   470.7   523.4   559.0
  600.3   657.7   770.2  1242.7  6452.6 18285.5  29510.5    29574
read      409.3   302.7   160.7   212.8   228.1   352.0   438.3   494.9   536.0
  583.3   640.6   732.8  1112.5  2443.1 15339.5  51094.2    51355
read      389.1   251.8   160.7   212.9   228.0   345.7   417.9   462.8   497.9
  541.1   596.0   682.2   916.0  1934.7  7997.0  67395.9    67361
read      707.3  1858.6   160.7   218.3   235.7   454.2   568.6   634.2   675.7
  721.3   781.0   913.1  8743.1 31383.4 39368.9  16290.0    16287
read      382.8   259.0   148.8   211.5   226.2   337.8   402.3   441.5   471.3
  509.5   562.5   649.9  1136.1  2786.7  9352.9  81515.0    81508
read      398.4   340.2   160.7   215.8   231.1   348.4   413.5   453.9   485.5
  526.0   582.3   679.6  1248.8  3717.7 10183.0  87664.5    87619
read      403.8   352.0   160.7   219.2   235.5   356.2   418.5   457.7   488.6
  527.6   581.8   675.8  1258.3  4180.9 12325.9  98862.1    99068
read      406.5   271.7   160.7   212.9   227.4   347.7   429.5   485.9   529.3
  579.6   637.1   723.1  1228.5  2830.2  8425.3  51283.2    51267
read      740.6  2068.6   160.7   219.7   239.3   455.7   552.1   600.9   633.9
  673.4   726.8   877.0  8622.1 31769.1 41724.7  11772.9    11822
read      443.4   430.0   160.7   219.9   238.1   373.0   444.5   491.3   528.1
  574.3   637.6   771.1  1779.2  4764.3 13768.8  97375.6    97494
read      400.8   357.3   148.8   218.7   235.0   355.8   419.0   458.6   489.8
  529.1   582.4   672.5  1049.2  4050.7  8735.8  97234.2    97350
read      407.4   314.9   148.8   213.9   228.4   349.1   426.2   476.8   518.0
  568.9   630.2   721.1  1256.6  3675.5 10913.4  55570.5    55460
read      402.2   474.5   160.7   217.6   232.7   351.8   418.7   459.8   492.1
  532.4   586.6   675.8   978.5  5659.0 26426.7  85917.7    85984
read      474.6   707.5   148.8   217.0   232.7   364.9   438.4   485.7   522.7
  570.6   638.7   793.5  2887.9  9192.5 25817.6  81825.5    82043
read      409.0   363.0   148.8   212.8   227.2   347.7   427.5   481.1   523.8
  574.6   635.6   722.6  1261.3  3737.1  9397.7  52960.6    52873
read      670.1  1765.1   160.7   218.9   236.6   447.1   544.3   600.8   637.6
  679.6   732.9   855.8  7433.4 31158.5 42154.9  13930.6    13911
read      420.6   396.2   148.8   212.8   227.4   349.5   433.6   491.9   535.8
  586.4   646.9   739.8  1468.9  5341.2 12771.6  49938.6    49984
read      737.8  2130.1   160.7   221.6   244.0   448.8   527.7   567.6   594.2
  628.0   675.4   817.9  9327.0 32110.5 40918.1   9276.2     9274
read      513.2   915.9   160.7   210.2   225.4   396.2   514.1   571.5   612.6
  664.8   745.8   927.0  2284.5 12095.5 32111.2  27101.1    27187
read      668.2  1615.4   160.7   217.8   234.8   458.5   576.5   648.1   694.9
  745.3   809.9   942.7  6913.2 30583.9 37903.5  18747.4    18735
read      426.0   471.4   160.7   217.8   233.8   360.0   427.9   470.1   504.7
  548.2   612.6   727.6  1682.1  5811.5 16876.1  86468.2    86505
read      416.1   475.0   148.8   218.2   234.6   359.1   425.2   466.3   499.5
  540.6   598.3   700.8  1265.3  5900.8 17120.7  92968.0    93039
read      398.9   406.1   160.7   212.8   227.6   344.5   412.5   454.9   488.2
  530.6   587.9   682.8  1266.8  4752.4 15954.1  75832.0    75999
read      459.4   555.6   160.7   213.8   228.6   374.0   492.2   550.9   589.7
  634.5   692.7   842.3  1581.7  5784.5 29222.7  32424.5    32324
read      396.6   392.9   148.8   214.6   229.5   346.3   412.4   453.3   484.8
  524.9   578.7   666.5  1020.5  5864.2 12426.6  84314.8    84255
read      406.2   441.4   160.7   216.1   231.2   352.3   421.4   463.4   496.2
  537.1   592.9   690.1  1198.4  5017.4 16265.1  81894.8    81759
read      458.7   487.9   148.8   211.2   226.4   367.7   485.4   550.7   594.8
  646.4   717.6   888.8  1577.7  5969.7 19457.3  37157.7    37291
read      408.4   341.2   160.7   209.3   224.2   344.9   426.4   482.4   525.5
  576.0   636.5   731.2  1323.0  3258.3 11030.8  53736.4    53818
read      469.9   609.1   160.7   212.5   228.1   384.2   502.1   557.4   593.8
  639.5   706.0   856.4  1592.0  7066.8 30581.4  30400.0    30297
read      463.0   602.9   160.7   211.7   226.3   375.2   495.7   553.0   592.3
  638.4   712.2   876.4  1484.3  6657.6 30993.0  31663.5    31569
read      440.6   518.6   148.8   211.5   226.2   358.1   470.0   534.2   575.9
  621.7   677.6   783.7  1345.3  6097.2 28840.9  38959.8    38927
read      718.9  2077.9   160.7   222.2   241.8   443.4   531.0   576.0   606.7
  639.8   687.3   819.2  8057.7 32261.1 42579.9  10689.7    10652
read      416.0   526.2   148.8   215.6   231.8   352.0   415.5   455.7   487.5
  528.2   584.4   687.2  1625.5  6358.1 28882.5  98243.0    98119
read      399.4   378.4   148.8   208.4   222.4   336.5   421.7   481.0   526.0
  574.5   628.9   705.4  1065.4  3926.6 12409.2  48218.6    48176
read      452.3   594.8   160.7   210.3   224.8   359.1   479.5   542.0   582.3
  627.1   685.3   826.6  1504.9  5897.5 30954.1  35156.7    34929
read      394.8   385.0   160.7   208.7   223.2   335.3   404.1   448.8   484.5
  530.4   591.3   688.5  1371.9  3986.3 11657.9  69788.2    69735
read      591.2  1356.0   160.7   210.8   227.2   435.0   536.1   595.7   646.8
  708.6   782.1   915.4  5403.6 24276.3 37166.1  20718.6    20753
read      428.9   479.5   148.8   215.1   231.0   357.0   426.3   469.5   505.0
  550.3   620.8   759.8  1731.7  5716.9 16775.4  84599.5    84642
read      406.9   443.9   160.7   208.6   222.6   338.4   432.7   494.7   535.8
  579.6   629.6   702.0  1070.2  5211.8 14242.0  42348.8    42333
read      412.5   422.2   160.7   212.0   226.6   344.5   421.7   472.1   513.8
  564.5   629.1   731.3  1393.7  5125.4 13812.7  61574.8    61587
read      399.8   450.0   148.8   211.7   226.4   339.3   404.3   447.1   481.1
  524.6   583.6   685.6  1408.4  5453.1 17496.7  78059.7    77998
read      392.8   387.3   148.8   213.0   228.3   340.1   399.4   435.9   465.5
  502.6   553.8   646.7  1460.5  5193.4 10883.0  97477.7    97625
read      576.7  1209.8   160.7   214.9   230.9   434.5   545.6   609.3   660.9
  729.1   818.8   964.8  3731.1 14943.7 36936.2  23853.8    23781
read      406.8   371.4   160.7   210.7   225.2   338.5   408.3   457.1   497.8
  547.9   615.6   727.8  1541.5  4453.1 11731.8  66706.8    66723
read      467.6   754.3   160.7   209.1   223.9   371.2   495.0   551.2   588.3
  630.7   687.1   808.0  1459.6 10519.1 32453.6  30925.0    31016
read      406.3   328.6   148.8   207.2   221.8   342.6   434.9   497.1   540.2
  587.9   641.9   727.3  1147.9  3195.1  8696.0  47428.6    47394
read      424.5   545.3   148.8   217.6   234.3   359.8   426.9   468.8   502.5
  544.7   604.9   718.2  1452.9  7905.1 29022.6  95330.0    95335
read      837.6  2782.4   173.5   240.1   277.8   405.2   456.8   486.6   507.8
  539.3   588.7  1522.3 10624.7 32457.9 40693.1   5239.5     5252
read      421.0   509.2   160.7   212.1   227.0   345.1   421.1   470.5   510.7
  561.6   629.3   748.8  1639.7  5319.4 22056.7  65820.3    65908
read      691.6  1819.4   160.7   218.5   235.7   452.8   560.1   626.7   670.3
  717.3   777.3   900.5  8540.7 31044.3 37307.0  17052.3    16889
read      422.7   550.7   148.8   209.2   223.4   340.9   437.7   503.3   547.0
  593.3   646.3   736.1  1279.0  6653.7 30597.9  43015.5    42912
read      409.7   508.5   160.7   215.8   231.8   351.8   413.8   453.0   483.0
  520.3   571.9   662.0  1523.9  6897.4 28189.9  99916.4    99898
read      523.1   892.5   160.7   213.5   228.9   413.7   529.0   586.5   631.3
  692.1   783.9   939.9  2092.5 12202.4 32120.6  26296.4    26385
read      636.7  1558.5   160.7   212.2   228.6   439.7   554.2   628.9   687.3
  751.5   834.2   987.6  6045.9 28222.8 37950.4  22670.8    22616
read      411.0   469.5   148.8   207.1   221.3   339.8   425.3   483.9   527.6
  576.7   633.3   717.0  1275.5  5723.6 22675.2  50591.5    50605
read      432.9   555.8   160.7   213.9   230.3   357.1   426.3   469.9   505.7
  552.3   624.1   772.8  1697.8  6833.5 29192.8  90427.6    90283
read      565.6  1092.1   160.7   216.5   232.5   424.9   541.3   609.9   666.2
  737.8   830.6   988.8  3156.9 12255.2 35669.5  26252.1    26273
read      432.7   539.8   160.7   212.8   227.8   352.6   442.6   501.6   545.4
  594.7   657.0   764.3  1396.2  6026.9 29665.2  48522.7    48521
read      452.1   564.8   148.8   213.4   228.3   366.4   481.4   539.4   578.4
  622.3   680.8   821.0  1423.6  6933.6 28820.8  34062.1    34058
read      395.2   497.7   148.8   211.5   226.1   334.9   400.3   440.5   472.1
  514.1   572.1   664.2  1261.4  5921.1 28877.6  75568.8    75648
read      592.7  1289.7   160.7   219.6   236.7   451.9   561.6   627.3   673.5
  723.3   786.0   904.0  3858.0 20596.6 38220.7  19508.2    19482
read      552.2  1082.1   160.7   222.4   241.3   455.8   558.2   612.1   646.0
  684.3   731.7   809.0  2243.3 12969.9 36876.3  15032.6    15054
read      426.5   575.5   160.7   210.3   225.2   339.6   405.9   450.7   486.6
  533.5   601.8   761.7  1819.6  7418.0 28908.3  75807.0    75754
read      459.3   779.2   173.5   242.6   279.8   402.7   446.4   470.6   490.4
  511.4   544.2   604.1  1374.8  9225.1 32324.5   5173.5     5187
read      498.4   475.5   160.7   220.9   239.4   454.5   561.1   619.1   656.8
  697.5   745.9   829.1  1165.6  5724.4 24646.0  17595.8    17656
read      565.1   533.9   148.8   232.1   259.2   423.0   506.6   571.7   629.7
  724.2  1098.0  1637.2  2018.2  5060.6 12879.0  96390.6    96343
read      432.3   511.4   148.8   210.5   224.9   351.4   461.9   523.7   562.9
  606.3   660.4   755.9  1305.9  5892.7 22414.4  36685.3    36665
read      387.1   334.1   148.8   211.1   225.7   335.9   397.8   435.4   465.8
  505.0   559.3   652.1  1332.7  4545.6 10644.8  85272.1    85269
read      429.5   383.5   160.7   209.3   223.3   360.1   479.3   534.7   570.7
  610.2   659.8   753.4  1224.9  4469.8 11125.6  31549.7    31525
read      391.9   318.0   148.8   210.6   224.8   336.4   407.9   457.0   496.5
  544.3   604.5   689.4  1085.1  3881.6  9881.4  61860.9    61798
read      671.1  1923.1   160.7   218.4   237.0   441.6   530.9   578.0   609.8
  644.1   689.5   778.9  8185.1 31715.4 42232.2  12237.0    12253
read      481.7   706.6   160.7   211.4   226.5   403.1   513.8   567.7   606.4
  656.7   734.3   871.6  1421.3  9430.5 31744.3  25626.4    25710
read      428.5   583.1   160.7   209.6   225.0   348.1   417.8   460.4   494.8
  539.4   604.8   739.7  1745.2  6881.5 28320.7  79743.0    79937
read      703.3  2159.3   173.5   226.8   251.4   416.4   476.0   508.3   532.1
  559.2   597.8   701.8  8793.0 32455.4 44522.0   7342.0     7271
read      399.4   478.4   148.8   211.8   226.7   340.1   402.9   442.6   473.3
  513.1   569.3   666.6  1333.9  6765.1 14934.9  85780.8    85861
read      396.3   386.5   148.8   213.4   228.7   343.3   405.9   444.9   475.0
  514.7   571.9   670.6  1366.2  4749.7 12033.3  91484.1    91467
read      389.1   336.4   148.8   210.7   225.1   336.3   402.7   445.5   479.6
  523.9   583.1   677.0  1162.7  3905.3 11556.6  72312.7    72217
read      460.2   584.5   148.8   211.3   225.9   374.0   493.3   551.2   590.8
  635.9   697.5   843.6  1408.3  7903.4 22025.2  31117.9    31080
read      381.6   337.5   148.8   210.1   224.6   333.9   399.3   438.8   469.7
  509.5   564.3   648.6   993.5  3799.3 11862.6  76825.5    76878
read      361.1   173.6   148.8   209.7   224.3   331.2   393.3   430.2   458.6
  493.1   537.4   604.7   744.5  1178.8  6353.9  84690.8    84584
read      414.8   272.6   160.7   222.2   239.4   417.4   466.0   490.9   507.1
  528.7   552.1   592.6   698.7  3796.0 10542.4  12478.9    12492
read      372.9   196.3   148.8   205.9   220.5   331.9   406.6   457.3   496.3
  539.7   588.2   650.9   764.6  1249.8  8607.2  56912.9    57106
read      354.8   163.5   148.8   208.5   223.6   327.7   384.7   418.3   444.0
  475.3   518.1   584.4   736.0  1220.6  6793.2  96217.0    96245
read      400.5   297.6   173.5   239.6   268.1   390.3   424.7   443.7   458.2
  473.4   499.1   540.1   658.5  3782.4 14553.0   6755.8     6791
read      360.2   183.1   148.8   210.6   225.4   332.7   392.3   427.1   453.7
  485.9   528.5   594.1   740.1  1247.5  4353.8  90511.2    90728
read      399.5   416.1   173.5   250.6   282.5   375.9   405.7   424.6   436.5
  455.6   478.3   525.9   688.8  5416.2 16105.4   5167.0     5151
read      354.9   161.5   148.8   207.9   222.3   325.1   386.7   422.9   450.5
  484.4   528.6   593.1   728.3  1087.1  5841.3  82931.2    82969
read      382.4   212.8   148.8   208.3   222.9   337.6   427.9   484.1   520.7
  557.6   598.2   654.6   766.4  1181.2  8086.5  42760.9    42635
read      352.5   149.3   148.8   210.0   225.0   327.5   382.5   415.0   439.2
  469.4   509.4   575.5   719.6  1124.3  4939.3  99233.2    99337
read      353.2   162.9   160.7   209.2   224.0   326.7   383.2   416.6   441.8
  472.5   514.2   580.3   722.4  1119.8  5936.8  95237.7    95192
read      365.4   175.6   148.8   205.6   220.2   330.3   398.3   441.0   473.8
  513.6   561.9   631.1   774.1  1172.9  5331.7  69003.9    69200
read      379.8   220.2   148.8   207.0   221.7   335.8   418.3   473.5   513.3
  554.2   599.6   661.0   778.6  1228.2  8031.9  49497.0    49459
read      400.1   220.7   148.8   210.0   224.8   361.4   473.7   519.7   547.0
  577.3   612.7   662.9   772.3  1215.1  8770.9  28968.6    29055
read      369.5   189.7   148.8   208.9   223.6   331.9   400.8   445.0   479.0
  520.5   570.1   635.7   764.1  1455.2  7447.7  64285.5    64324
read      412.7   386.2   173.5   246.5   281.1   389.2   422.2   439.7   455.1
  470.6   498.3   544.5   738.7  5809.4 15338.0   5717.4     5705
read      359.8   178.4   148.8   209.1   223.9   328.3   388.4   424.7   453.1
  488.3   534.6   606.7   772.9  1328.1  6195.4  84508.5    84816
read      409.6   241.5   160.7   212.6   227.6   387.3   486.2   524.6   548.8
  576.9   610.2   659.7   774.4  1832.4  9553.6  23762.6    23714
read      369.3   189.6   148.8   209.6   224.6   335.0   400.6   441.5   472.3
  510.5   558.9   630.9   789.8  1361.5  7069.7  74264.8    74116
read      425.2   320.9   160.7   216.9   232.4   412.5   493.3   528.8   551.3
  579.6   614.4   668.4   844.9  2561.7 14937.9  20042.3    19948
read      387.6   231.1   148.8   205.9   220.8   338.9   432.1   491.7   530.6
  570.7   614.8   674.7   793.5  1448.6  9471.6  44222.7    44213
read      409.3   281.1   160.7   211.1   226.5   405.5   481.7   513.6   534.9
  558.6   588.7   633.5   746.2  1866.9  8055.4   7112.7    19454