Total number of intervals = 450 
Timestamp start: 1715967267448
Timestamp end: 1715968168362

#type       avg     std     min      p5     p10     p50     p67     p75     p80     p85     p90     p95     p99    p999   p9999      QPS   target
read      270.2   238.8    80.4   132.4   150.9   260.1   291.3   308.9   320.7   337.9   360.3   397.7   538.8  2865.5  9884.0   7287.0     7434
read      318.7   230.6    63.8   125.3   144.0   296.0   365.0   405.1   435.8   472.7   519.8   586.0   734.0  1264.4  9071.3  67007.5    67201
read      318.2   197.6    68.9   123.0   142.7   292.8   358.4   398.7   431.6   472.1   527.3   607.3   764.2  1111.1  8102.8  85905.0    85927
read      315.2   165.6    68.9   124.6   143.3   294.9   363.5   403.1   433.9   470.2   516.2   582.1   732.3   964.6  4012.8  63900.0    63953
read      312.1   225.5    68.9   122.3   139.8   289.7   351.4   390.1   418.9   453.5   497.0   565.5   799.7  1387.3 10035.6  31431.5    31595
read      326.9   209.1    68.9   125.8   145.8   299.4   367.6   410.7   445.8   488.1   542.6   627.7   797.7  1228.7  6443.0  87846.5    87879
read      332.3   864.4    80.4   131.3   153.4   269.2   308.0   329.8   345.9   367.1   395.4   454.0  1379.5 10140.8 32167.4   7221.5     7287
read      424.0   478.2    63.8   124.4   142.9   278.7   358.5   419.1   475.5   594.7  1078.1  1482.0  1912.6  2425.3 15510.4  62066.5    62295
read      393.7  1242.8    74.4   135.2   160.6   277.9   321.3   346.2   365.7   390.8   427.4   508.5  3080.1 28183.9 32116.1   6694.0     6561
read      302.5   263.9    74.4   125.9   143.4   278.4   332.4   364.4   389.4   419.9   460.1   523.5   843.2  2734.8  7446.4  22414.0    22532
read      328.9   211.2    68.9   127.8   146.8   304.2   373.5   414.2   444.8   481.9   530.3   601.0   849.6  1690.7  5829.2  60381.0    60653
read      329.5   204.2    68.9   128.2   147.0   307.0   377.3   418.0   448.5   485.6   533.5   604.5   809.7  1488.2  5622.6  59061.5    59076
read      337.3   200.4    74.4   130.0   148.7   312.8   385.7   428.0   460.0   498.7   547.2   623.2   837.9  1740.3  5680.5  60224.0    60154
read      508.9  1319.1    74.4   125.3   143.9   322.5   446.7   553.1   642.4   727.2   838.9  1008.6  2240.6 26903.2 35353.8  22975.0    22964
read      357.0   956.7    80.4   138.9   160.1   287.4   322.5   343.9   361.6   383.1   414.2   471.2  1707.7  9376.1 32323.4   8334.0     8172
read      561.3  1291.1    68.9   122.1   140.9   315.0   454.0   612.6   724.9   828.1   935.3  1107.5  6702.7 13562.4 36280.4  27677.5    27652
read      353.0   469.7    68.9   123.0   141.0   300.9   368.8   410.5   444.2   484.8   535.9   638.8  1295.5  6043.4 21086.7  37792.0    37594
read      427.5   874.1    74.4   122.4   140.4   294.9   379.0   439.0   490.7   583.2   729.7   919.9  2891.3  9862.2 32264.9  24305.0    24367
read      381.7   770.5    68.9   122.7   141.0   303.3   372.2   416.0   452.6   496.2   551.5   707.1  1533.9  8798.7 31920.2  33803.0    33771
read      353.1   302.3    68.9   125.6   145.6   303.7   377.5   424.6   461.7   507.2   571.6   679.0  1419.5  3426.4  9147.1  84852.5    84944
read      362.1   368.6    63.8   126.6   147.5   304.8   379.9   428.3   467.2   518.4   583.6   702.4  1535.3  3808.5 11931.2  85788.5    85666
read      335.8   345.5    68.9   119.9   137.7   300.4   370.9   412.7   445.8   485.2   534.3   610.6  1115.7  3777.9  9955.2  51960.5    51918
read      381.1   588.3    68.9   119.8   137.6   300.4   378.6   432.1   470.6   521.1   601.3   895.2  1477.3  6931.2 31215.2  34451.0    34406
read      351.0   533.3    68.9   120.8   138.4   294.5   372.1   419.5   451.9   489.9   539.3   628.5  1192.5  6725.0 30396.3  28832.5    28664
read      397.0   578.6    74.4   122.2   140.4   304.6   385.1   441.0   484.3   540.9   634.2  1001.5  1671.5  6764.2 30466.9  38427.5    38289
read      449.6  1096.2    74.4   121.1   139.1   317.3   412.3   470.8   521.6   591.5   684.8   834.6  3833.9 11364.0 37817.7  20843.5    20658
read      612.4  1940.5    74.4   124.5   143.8   348.6   445.3   500.2   539.1   582.0   635.3   773.9  7835.8 31990.1 39776.5  13936.5    13840
read      427.9   438.2    68.9   134.8   159.1   330.2   404.9   458.7   508.0   580.3   685.1  1210.0  2050.3  4455.5  8930.6  93018.5    93419
read      370.8   459.7    74.4   132.1   154.2   312.7   384.6   430.1   466.9   517.9   588.0   703.3  1554.0  5551.6 12890.2  98085.0    98284
read      358.4   354.0    68.9   126.1   145.6   308.8   388.7   437.3   473.2   517.6   576.2   674.3  1431.6  3639.6 13105.1  71336.0    71313
read      368.2   376.6    74.4   117.3   135.6   294.9   375.7   432.1   473.6   526.8   607.9   914.3  1487.9  3442.4 10173.8  42298.0    42089
read      380.6   538.8    68.9   120.6   139.3   301.7   379.5   431.0   471.8   524.9   597.7   885.3  1597.5  6951.3 13860.9  46280.0    46458
read      347.9   409.5    74.4   123.2   140.1   293.0   364.7   410.9   445.3   483.9   536.1   632.6  1328.7  7074.1 11703.8  30763.5    30755
read      412.3   642.3    68.9   123.1   142.4   310.0   392.4   447.9   493.3   551.2   664.0  1044.6  1827.2  7810.3 29197.4  43227.5    42889
read      361.7   384.0    74.4   130.1   151.2   308.1   383.3   430.0   467.3   515.6   583.3   697.5  1355.6  4206.3 12608.7  93710.0    93552
read      346.0   279.8    68.9   123.4   142.3   305.5   382.5   427.7   461.7   503.6   557.8   653.7  1284.7  2395.4 10540.7  65967.5    65694
read      457.5   974.5    74.4   122.3   140.8   300.4   389.1   458.3   524.6   660.2   853.8  1054.1  2732.0 11146.1 32277.8  29718.5    29574
read      339.5   231.2    74.4   123.3   141.0   308.8   383.7   429.1   463.4   504.2   553.9   633.9   983.6  2349.1  7717.6  51468.0    51355
read      338.0   238.6    68.9   124.2   143.0   299.8   375.4   421.6   456.6   498.3   551.7   637.1  1104.8  2435.5  6792.5  67179.5    67361
read      496.7  1485.5    80.4   124.3   143.5   322.4   408.0   467.3   514.6   571.0   638.0   756.7  5129.2 24958.6 40546.4  16399.5    16287
read      458.0   553.5    68.9   134.1   158.5   332.5   409.2   470.3   526.9   602.1   726.2  1552.4  2099.5  3892.0 14796.0  81698.0    81508
read      331.0   223.3    68.9   130.2   149.9   301.8   372.3   416.0   450.6   492.8   547.5   631.7   804.6  1337.1  9144.7  87401.0    87619
read      329.7   221.4    68.9   130.7   151.7   298.3   368.1   411.2   445.9   489.1   545.2   632.7   804.9  1400.7  6821.0  99112.0    99068
read      325.4   262.7    68.9   122.2   140.4   297.6   367.3   407.1   437.2   472.4   519.2   590.0   889.0  1981.8 11034.8  51639.5    51267
read      306.2   553.2    80.4   128.6   145.1   276.7   316.3   337.5   353.4   373.9   403.6   457.4   825.8  7713.6 29082.9  11940.5    11822
read      370.3   291.4    74.4   136.9   160.5   326.1   402.8   450.0   487.0   535.8   604.7   720.4  1141.3  2773.3  9659.3  97360.0    97494
read      365.2   440.0    68.9   131.2   152.8   310.2   381.1   426.4   464.2   514.7   582.0   686.2  1426.9  4682.8 18270.1  97581.0    97350
read      332.5   237.3    68.9   121.6   139.4   301.9   377.1   421.8   454.5   493.2   542.4   617.9   941.4  2148.3  6970.7  55706.5    55460
read      365.1   327.2    68.9   129.9   150.7   313.7   391.1   439.9   478.5   528.4   593.3   704.1  1420.5  3449.3  7809.2  85945.0    85984
read      358.2   277.8    74.4   125.9   146.2   309.4   386.9   435.4   473.2   521.4   585.1   695.8  1463.7  2893.5  6084.3  81810.5    82043
read      346.0   255.1    74.4   123.4   141.8   314.7   391.7   435.6   469.1   509.0   559.8   636.7  1021.5  2534.5  7618.6  52952.0    52873
read      317.7   677.5    74.4   123.3   140.0   286.2   338.2   366.7   387.6   411.7   444.1   504.3   877.9  7021.4 38859.3  13917.0    13911
read      383.7   426.4    74.4   124.3   143.4   308.0   386.5   435.9   475.2   525.3   596.4   884.0  1801.8  5086.9  9384.1  50109.5    49984
read      516.6  1714.1    74.4   128.3   151.2   317.9   377.7   411.9   438.0   469.4   511.8   635.7  6897.6 35483.8 38151.4   9291.0     9274
read      588.2  1453.5    74.4   123.2   142.9   334.4   485.2   628.8   730.8   836.9   953.9  1149.7  6116.5 23921.4 40549.4  26948.5    27187
read      621.7  1862.7    74.4   123.0   143.0   347.9   468.9   548.8   604.5   665.2   742.1   918.7  8657.0 30867.4 40079.4  18815.5    18735
read      440.3   635.0    68.9   131.2   154.7   332.3   409.5   467.1   518.3   589.5   688.5  1095.2  2060.3  8384.3 30371.4  86488.0    86505
read      519.5   695.2    74.4   159.0   202.6   452.3   537.5   583.9   625.0   691.5   840.2  1028.0  1626.1  9722.8 29278.1  93132.0    93039
read      464.8   581.2    74.4   149.8   178.3   393.6   484.5   539.8   582.7   639.5   736.9   924.1  1811.3  6785.1 27455.5  76038.0    75999
read      420.8   559.1    74.4   126.4   146.1   326.0   424.7   488.6   542.2   616.6   732.9   974.7  1645.8  7303.8 19775.1  32373.5    32324
read      365.1   342.3    74.4   133.2   154.6   318.8   395.7   441.5   476.9   523.1   586.1   697.8  1104.8  4401.0  9333.1  84126.5    84255
read      355.7   239.5    74.4   133.4   154.4   319.5   399.1   449.1   486.6   531.2   589.4   682.3   923.0  2114.0  7317.9  81735.0    81759
read      376.8   344.2    74.4   121.6   139.7   310.0   390.8   442.5   483.8   534.7   610.7   889.8  1574.0  3524.8  9272.1  37317.0    37291
read      354.1   314.4    68.9   123.8   142.6   311.8   389.8   434.3   467.4   509.4   564.3   669.9  1283.5  3209.7  8682.0  54157.0    53818
read      462.2  1023.2    74.4   122.2   140.6   299.5   387.8   458.7   528.8   670.0   874.1  1077.3  2583.6 11654.0 37855.3  30288.0    30297
read      327.2   230.3    74.4   122.8   140.0   297.7   366.5   410.6   444.6   481.8   526.7   599.8   986.0  1883.7  8362.3  31572.5    31569
read      359.8   467.2    74.4   120.9   138.3   305.1   379.7   426.2   461.3   503.5   558.7   666.1  1353.0  7703.5 17747.0  38754.0    38927
read      386.0   772.8    80.4   127.5   148.3   324.4   390.4   428.1   455.1   487.0   527.9   592.3  1711.3  7970.7 32355.9  10698.5    10652
read      815.3   779.5    80.4   264.8   299.1   444.1   741.9  1412.8  1521.4  1648.4  1784.1  1968.9  2821.1  8028.1 19902.7  97580.5    98119
read      390.9   591.0    74.4   126.5   144.2   311.8   387.2   430.8   466.7   519.8   606.5   841.7  1738.1  6552.7 30405.8  48189.5    48176
read      354.5   525.1    68.9   122.9   140.5   303.5   374.5   418.8   453.2   495.1   547.7   651.4  1254.1  5772.6 20448.0  35157.5    34929
read      379.5   394.0    74.4   129.5   149.5   316.3   399.9   450.9   489.5   538.8   604.7   744.1  1682.0  3940.4 15681.4  69656.5    69735
read      495.1  1355.0    68.9   122.6   141.1   314.9   420.3   491.9   554.4   636.9   737.9   902.1  3995.9 18500.3 42312.3  20679.0    20753
read      438.5   495.9    74.4   132.8   156.5   334.8   414.0   468.8   521.3   592.3   713.1  1342.6  2005.5  4073.4 14535.9  84483.5    84642
read      371.0   379.0    68.9   123.2   141.1   304.0   377.8   427.2   467.1   518.2   590.4   911.1  1531.1  4234.9  9685.9  42467.0    42333
read      349.7   312.9    74.4   124.8   143.6   308.8   387.2   433.8   469.3   512.0   566.6   656.6  1158.0  2547.8 10722.6  61372.0    61587
read      383.6   437.3    74.4   130.0   150.7   322.0   402.0   452.1   492.5   543.8   617.5   770.4  1689.3  3326.0 14489.4  77737.5    77998
read      375.0   358.4    68.9   136.1   159.6   323.2   397.5   443.6   481.3   530.1   597.7   717.2  1434.6  4296.3  9944.0  97550.5    97625
read      473.1  1107.3    74.4   119.6   137.6   314.7   429.1   511.0   587.4   675.7   775.1   925.5  2675.2 12449.8 35985.6  23883.5    23781
read      393.8   404.1    74.4   127.8   147.0   313.3   396.7   449.2   491.1   545.1   622.3   964.5  1841.8  3031.5 15402.9  66590.0    66723
read      381.9   439.2    68.9   121.2   139.3   302.1   383.4   444.9   493.8   560.7   731.4   966.0  1282.3  5605.2  9067.7  31054.5    31016
read      476.7   704.6    68.9   127.5   146.7   308.2   401.2   478.4   561.3   780.9  1134.6  1407.8  2043.3  7674.1 24880.8  47357.0    47394
read      371.0   373.8    68.9   134.2   156.8   313.5   386.7   432.8   470.3   521.5   588.8   704.3  1661.3  4171.4 10727.1  95550.0    95335
read      640.6  2361.4    80.4   137.2   168.7   290.1   332.2   355.4   372.3   399.7   451.2   947.2 10348.6 30627.1 36438.2   5331.0     5252
read      424.9   497.3    68.9   128.8   149.4   323.5   407.7   463.2   507.9   567.6   670.0  1193.0  2064.3  5588.8 12784.3  65497.0    65908
read      513.1  1396.6    74.4   122.2   140.5   342.2   438.8   501.5   548.7   602.9   670.3   795.1  5936.7 28045.1 36560.2  17139.5    16889
read      393.6   725.9    74.4   123.0   140.8   310.0   384.5   434.2   471.2   516.8   576.5   743.0  1787.3  9454.3 31152.3  42778.5    42912
read      377.2   393.7    68.9   136.3   159.1   323.7   400.4   446.4   482.9   532.0   602.0   727.2  1417.4  4257.1 13944.7 100063.0    99898
read      464.5   723.3    68.9   123.9   142.6   331.8   461.1   552.0   631.6   729.2   856.0  1035.2  2148.5  9840.5 31209.2  26375.0    26385
read      348.8   462.5    74.4   124.2   141.8   311.4   387.8   431.1   461.9   496.5   541.6   634.1  1041.0  2952.3 30698.7  22732.0    22616
read      393.3   462.3    74.4   124.6   143.7   316.7   396.0   445.9   486.8   539.3   618.9   895.5  1757.3  5652.5 15630.0  50936.0    50605
read      380.7   447.6    74.4   133.2   155.6   323.0   400.5   449.3   487.8   537.0   604.7   721.3  1510.1  4914.9 12851.8  90017.5    90283
read      537.4  1456.5    74.4   122.6   140.8   321.7   442.2   530.5   621.4   733.9   857.9  1030.9  4311.8 30393.4 37329.7  26189.0    26273
read      398.5   529.0    74.4   125.1   143.9   317.5   396.0   446.1   485.6   534.5   606.0   911.2  1859.7  6653.1 14811.0  48414.0    48521
read      395.0   603.0    68.9   122.5   141.0   303.5   378.3   431.8   475.1   532.5   639.4   966.2  1726.1  7402.1 20828.6  33985.0    34058
read      326.3   244.6    68.9   124.7   143.0   295.1   368.3   413.4   446.6   484.9   536.0   609.7   798.0  2156.6  9408.4  75605.5    75648
read      308.4   274.5    68.9   122.6   138.8   290.4   354.5   388.0   412.7   441.2   480.1   544.7   718.7  2946.0 11551.1  19605.5    19482
read      547.2  1647.1    74.4   125.6   144.7   333.3   414.8   468.7   507.9   558.5   626.4   813.1  6956.0 29142.4 46009.6  15052.0    15054
read      419.9   495.1    68.9   131.7   154.1   327.4   405.6   459.3   503.3   562.5   648.1   941.6  2162.0  5618.6 13182.2  76133.0    75754
read      689.5  2814.7    80.4   143.3   173.5   292.7   334.7   360.8   381.8   409.7   460.5   927.7 10940.9 32256.7 37894.9   5221.0     5187
read      671.0  2159.0    74.4   123.0   143.5   343.9   466.5   543.4   592.1   647.0   721.2   911.0 10512.2 32194.6 39633.9  17625.5    17656
read      466.4   432.1    74.4   145.7   176.7   365.8   439.0   498.5   559.5   647.8   763.8  1436.9  1996.4  3231.2 10739.1  96294.0    96343
read      376.5   366.1    74.4   122.7   140.9   302.8   375.0   427.1   468.0   527.5   640.7   975.8  1421.5  4855.1 11635.4  36827.0    36665
read      338.8   200.9    68.9   128.5   149.4   309.9   382.1   426.3   460.8   503.7   561.8   652.4   846.8  1532.8  5637.1  85588.0    85269
read      468.6  1111.4    74.4   122.7   141.6   301.8   384.2   450.6   511.3   634.5   853.3  1076.3  3063.7 13245.5 37005.7  31490.5    31525
read      332.5   239.2    74.4   126.8   144.8   307.4   381.8   425.7   458.1   495.6   542.0   612.6   798.8  1847.2  6803.7  61803.5    61798
read      524.2  1714.5    74.4   126.6   146.7   329.2   402.6   452.6   487.7   526.9   576.5   674.4  6108.4 30883.8 42614.1  12468.5    12253
read      604.9  1733.3    68.9   122.5   142.0   318.0   464.7   616.5   713.5   803.2   905.0  1058.5  7837.3 30809.6 40246.0  25752.0    25710
read      466.9   593.5    74.4   135.5   159.5   339.4   418.2   478.5   536.2   617.5   744.4  1545.9  2161.7  4702.0 21730.4  79880.5    79937
read      578.5  2116.9    74.4   134.6   161.8   304.0   352.6   381.7   404.3   435.5   479.7   603.4  9263.8 31895.7 40079.1   7348.0     7271
read      408.9   578.2    74.4   133.8   156.5   330.2   403.5   453.2   494.8   552.4   636.6   787.8  1914.2  7558.7 22697.9  85236.0    85861
read      352.2   218.2    68.9   132.6   154.6   319.3   395.8   441.9   476.5   520.1   579.6   676.1   893.9  2109.2  5847.0  91115.5    91467
read      336.2   228.0    74.4   126.9   145.3   306.9   382.2   426.6   459.9   500.5   553.1   633.5   849.3  2006.0  7687.3  72495.5    72217
read      454.9  1024.3    68.9   122.4   140.8   305.7   398.4   468.0   530.9   640.7   826.5  1034.0  2030.5 10599.6 31975.0  31217.5    31080
read      336.0   222.0    74.4   127.5   146.0   306.1   380.0   425.2   460.0   502.3   557.5   643.7   844.0  1841.9  6421.0  77095.5    76878
read      340.5   265.4    68.9   128.9   149.0   307.4   381.1   426.4   461.4   504.3   561.3   648.6   848.2  2017.5  9335.1  84506.0    84584
read      535.5  1825.5    74.4   122.9   142.1   314.2   387.8   439.6   478.0   521.7   576.0   683.0  6457.6 31944.9 37720.9  12664.0    12492
read      387.8   521.5    68.9   127.1   146.5   316.4   394.9   442.8   479.1   525.8   590.6   774.9  1786.3  6311.0 18606.6  56597.5    57106
read      345.1   212.0    68.9   133.3   155.1   313.3   387.7   432.4   466.8   510.9   571.7   664.3   855.9  1594.7  7392.0  96460.0    96245
read      565.3  2037.1    80.4   137.1   163.8   304.3   350.8   379.3   403.1   431.4   473.2   582.4  8729.6 32226.5 42735.2   6927.0     6791
read      405.8   415.3    68.9   134.9   158.7   329.7   404.6   455.9   498.8   557.0   646.7   831.7  1890.0  3312.2 11878.6  90454.5    90728
read      562.8  2346.2    80.4   139.8   171.5   284.9   322.2   345.2   363.0   384.8   418.8   547.8  7069.9 32492.2 37519.9   5186.0     5151
read      437.8   513.7    68.9   133.6   157.2   335.7   411.8   467.7   519.9   591.3   699.2  1399.8  2022.1  3530.6 16524.1  82074.0    82969
read      373.8   353.7    68.9   124.9   144.2   310.9   388.7   437.7   477.9   531.7   613.1   884.7  1464.2  2928.6  9833.3  42763.0    42635
read      365.6   256.0    68.9   141.1   165.4   327.9   403.9   451.4   487.4   533.8   594.4   697.3   939.2  2617.8  6641.4  99305.5    99337
read      355.3   265.5    63.8   131.9   154.7   320.2   393.8   439.9   475.3   519.6   581.4   682.4   931.8  2199.9 10376.3  95488.5    95192
read      338.9   249.6    68.9   126.4   145.0   307.4   381.4   426.5   459.7   499.0   549.7   628.5   894.7  2465.8  6962.4  68920.5    69200
read      374.9   401.3    68.9   122.3   140.9   308.5   386.4   435.2   474.3   524.3   598.5   876.7  1548.4  4654.2 11177.5  49411.5    49459
read      436.8   864.0    74.4   123.7   141.9   307.1   405.1   475.6   539.7   640.3   805.8   989.9  1599.8 10656.8 32178.9  29300.0    29055
read      405.5   449.8    74.4   131.2   152.1   322.4   407.7   463.2   504.6   557.9   635.2   889.9  1924.7  5465.6 13970.2  64337.5    64324
read      613.6  2327.3    80.4   140.4   174.4   304.9   345.3   370.0   390.0   415.0   455.4   613.3  9732.7 32326.0 39818.0   5699.5     5705
read      443.2   532.0    74.4   136.1   159.8   342.5   420.2   472.8   523.2   593.6   702.2  1348.3  2030.6  5868.0 17743.6  84389.0    84816
read      525.6  1374.5    74.4   120.7   140.2   326.9   442.9   528.9   610.9   700.5   803.2   963.1  5822.5 24427.8 37574.3  23864.0    23714
read      403.2   497.3    68.9   131.0   152.6   325.0   406.2   458.5   500.7   555.0   631.9   822.5  1860.7  5661.9 15815.8  74426.5    74116
read      486.5  1252.4    74.4   120.9   139.3   323.0   430.1   502.9   558.5   624.5   701.8   835.7  5543.7 16153.7 35135.3  19935.0    19948
read      383.9   586.8    68.9   123.0   141.1   310.7   385.8   432.2   469.8   516.6   580.2   744.8  1676.9  8817.9 28266.1  44009.5    44213
read      525.7  1517.4    74.4   124.3   143.0   328.5   433.6   502.3   556.8   624.0   708.5   857.4  6307.2 29238.3 37689.4  19393.0    19454
read      699.7  2584.5    74.4   131.9   161.1   313.5   364.9   395.9   419.8   449.2   496.1  1002.6 10207.6 35765.1 40237.8   7249.5     7190
read      399.3   677.7    68.9   124.6   143.3   317.9   396.6   443.8   480.2   527.4   592.2   819.2  1842.9  7492.8 30358.0  47479.0    47657
read      391.6   449.4    74.4   123.7   143.0   314.3   392.1   441.5   480.1   532.6   619.9  1006.8  1689.8  4245.2 15770.6  44510.0    44399
read      540.3  2049.9    80.4   135.2   163.3   293.6   342.7   369.9   390.7   417.3   459.7   555.3  7801.1 35904.8 42080.8   6614.5     6481
read      739.1  2756.9    86.8   140.5   173.8   310.2   356.8   384.2   406.0   435.4   492.3  1480.0 10634.4 37999.0 42958.1   5907.0     5807
read      491.8   618.5    74.4   140.1   167.0   351.7   434.0   502.9   568.4   650.7   798.5  1611.5  2393.3  5107.3 20152.1  82263.5    83137
read      445.6  1470.0    74.4   124.6   143.2   288.9   341.2   373.8   399.7   433.3   478.0   564.9  5988.3 29057.3 37077.9   9582.0     9580
read      378.7   562.1    68.9   124.9   143.5   311.3   383.1   429.9   466.7   510.3   573.0   745.9  1501.5  9553.5 26911.8  37354.0    37385
read      383.4   411.7    68.9   125.0   143.1   307.4   386.1   440.6   482.3   534.4   625.0   922.4  1571.8  5815.9  7505.7  33831.0    33706
read      401.3   609.9    74.4   121.6   140.1   310.6   393.3   450.1   494.0   547.6   641.3   942.9  1895.5  7097.2 30398.3  35296.5    35204
read      365.1   427.1    68.9   125.7   144.3   319.1   398.8   444.1   477.5   519.7   573.3   658.9  1283.2  6425.1 19217.3  50263.5    50438
read      368.1   381.6    74.4   125.2   144.0   323.0   406.1   456.0   490.7   531.6   585.1   676.4  1310.8  5037.1 16671.0  48841.5    48878
read      399.8   460.1    68.9   124.0   142.6   320.2   406.0   462.1   504.8   562.6   654.7   996.3  1668.2  4907.4 14086.3  42541.5    42682
read      410.3   745.1    68.9   118.9   136.6   308.7   401.9   462.6   509.0   574.4   694.9   888.8  1585.1 10670.3 32118.5  27526.0    27416
read      406.5   618.3    68.9   128.0   147.5   316.5   399.8   451.9   492.6   543.5   617.4   855.9  1992.0  7628.1 25956.2  64334.5    64424
read      350.5   297.9    68.9   125.9   144.4   312.3   388.0   431.6   464.9   506.3   562.0   645.9  1269.1  2596.1  8854.8  64083.0    64364
read      528.1  2182.6    80.4   135.6   162.0   266.9   306.2   328.4   345.4   368.9   407.6   588.7  7449.7 31924.3 37165.5   5486.0     5481
read      628.4  1709.3    74.4   121.1   141.2   322.4   475.3   626.9   728.2   825.0   933.1  1171.1  7907.2 29290.1 40220.0  26088.5    26227
read      613.9  1698.4    68.9   120.5   140.6   323.3   473.9   622.8   721.6   828.0   942.8  1152.2  7692.7 30973.6 38953.7  26590.5    26586
read      422.7   496.9    68.9   136.2   159.7   341.6   421.8   473.5   518.7   581.5   674.0   879.7  1953.0  5033.8 20075.4  86384.5    86286
read      516.3  1316.4    74.4   122.0   141.5   325.5   442.8   526.3   604.7   705.7   818.8   981.0  4754.4 16319.7 37360.6  24462.0    24452
read      597.6  1578.9    68.9   120.4   139.4   329.1   465.0   601.3   715.3   815.5   929.6  1141.7  6449.6 29232.8 39763.0  26895.5    26832
read      340.3   386.8    68.9   121.8   139.8   302.5   369.6   413.7   448.2   486.8   534.9   622.5  1130.5  2750.4 15099.6  29856.5    29795
read      345.2   267.2    68.9   122.7   140.9   312.6   383.3   426.3   458.5   497.9   546.9   625.1  1203.0  3024.8  8427.0  46159.5    46224
read      372.9   431.5    68.9   130.2   151.5   319.1   393.5   439.2   475.4   523.9   591.9   697.9  1472.4  5602.6 14124.4  84502.5    84587
read      357.7   304.6    74.4   129.2   148.1   314.7   394.2   441.1   475.4   518.0   574.8   666.2  1249.4  3158.2 10001.8  63307.0    63389
read      400.8   493.2    68.9   127.7   146.5   315.4   400.1   456.0   499.2   554.2   644.6   995.0  1736.2  5360.2 20837.5  46873.5    46953
read      375.6   464.7    74.4   133.8   156.0   319.7   393.1   440.1   478.6   528.9   598.1   707.6  1298.4  5621.9 16261.3  90074.0    90536
read      547.2  1821.2    74.4   124.3   144.2   329.0   403.5   451.5   484.3   521.4   569.7   674.7  6955.0 31591.1 41795.2  12486.0    12508
read      448.2  1014.8    74.4   126.7   146.0   320.5   398.9   450.6   493.2   546.3   639.6  1022.1  2252.0 12467.5 32343.6  38623.0    38491
read      400.1   421.8    74.4   139.2   164.0   343.5   420.2   466.5   505.9   560.3   638.9   778.6  1651.1  4383.4  9397.6  97728.0    97806
read      528.7  1723.0    74.4   122.2   141.4   309.8   381.4   430.5   465.4   506.3   562.4   688.7  7146.9 31348.4 37423.2  11868.5    11813
read      410.8   746.5    68.9   123.8   142.6   315.5   387.4   436.2   474.9   527.6   609.1   971.0  1809.4 11423.6 31748.5  39660.0    39665
read      353.2   357.9    74.4   125.6   143.9   317.2   391.7   434.3   466.8   508.1   560.5   640.4  1127.4  3874.5 12546.9  53495.0    53571
read      367.6   349.6    68.9   127.2   146.0   319.1   401.0   448.0   483.1   527.2   585.3   684.8  1533.5  3528.7  9074.2  62981.5    63215
read      367.1   351.2    68.9   130.8   151.3   321.2   399.2   446.9   484.0   531.8   594.0   702.9  1282.7  3154.9 12017.5  79083.5    78767
read      520.3  1727.7    74.4   128.8   152.4   315.4   371.1   405.1   431.4   462.3   505.5   599.6  6943.0 30225.6 44700.4   8724.5     8615
read      413.7   638.2    68.9   130.1   150.0   319.2   402.2   456.9   501.1   556.5   633.3   876.0  2104.7  7671.4 29235.1  67750.5    67903
read      513.0  1536.6    74.4   122.0   141.3   336.5   426.5   479.1   522.2   575.0   641.9   767.1  5921.5 30949.4 37132.6  16439.5    16398
read      411.4   607.5    68.9   126.5   145.5   321.1   404.0   457.3   497.2   547.1   623.2   913.0  1967.0  7111.0 30855.9  53474.5    53434
read      420.1   737.0    74.4   122.4   141.3   313.1   396.1   452.8   498.5   556.6   662.0  1019.5  2021.7  6786.6 32140.6  37962.5    38068
read      509.5  1711.0    80.4   130.7   152.6   309.4   360.5   392.3   416.1   445.3   488.6   584.9  7536.3 29049.2 40045.5   9150.0     9130
read      394.4   375.0    68.9   126.7   147.4   319.8   402.3   455.8   497.9   550.8   628.0   834.1  1943.6  3603.1  8489.8  68844.0    69227
read      387.0   546.0    74.4   123.2   141.7   310.6   381.9   430.8   469.1   520.9   607.1   966.0  1563.8  6125.7 29556.3  37504.5    37496
read      371.0   324.2    68.9   131.3   152.7   324.7   402.3   449.4   485.7   532.4   598.3   709.9  1247.7  3741.4  6963.3  84125.5    83925
read      355.9   343.6    68.9   126.7   145.1   315.5   395.3   441.0   474.6   515.9   569.1   649.7  1150.6  3894.8 11601.8  51050.0    51037
read      384.5   416.9    68.9   124.0   143.2   314.2   398.7   454.4   496.3   547.9   639.8   912.6  1405.9  4955.2 15241.6  33534.5    33690
read      358.7   328.4    68.9   124.9   144.0   318.2   397.0   442.2   476.9   518.9   574.1   672.2  1303.3  2980.3 10937.1  51659.5    51474
read      367.6   395.9    68.9   128.4   147.9   315.7   394.6   443.1   479.8   524.9   585.6   693.2  1467.8  4739.0 12324.4  73544.0    73708
read      387.2   360.8    68.9   141.4   167.5   343.3   421.5   468.3   507.0   557.3   628.2   744.2  1094.2  3379.2 12265.3  98598.5    98618
read      362.4   358.0    74.4   128.9   149.6   316.8   393.8   439.4   474.9   519.4   581.6   678.7  1217.4  3971.9  9799.6  81939.5    81977
read      402.2   413.7    74.4   140.7   165.9   347.1   426.7   474.9   513.5   566.0   639.4   777.2  1566.0  4168.7 14455.4  91388.5    91567
read      366.6   307.3    74.4   127.5   146.0   326.8   409.5   456.3   491.3   532.5   583.9   671.3  1266.0  3699.9  9564.4  48132.5    48236
read      403.2   487.0    68.9   140.0   164.4   340.8   417.2   464.7   504.1   557.2   633.1   763.5  1665.1  5955.7 11009.2  91561.0    91726
read      360.8   277.2    74.4   129.0   148.4   323.2   405.7   451.3   484.7   526.6   579.2   663.5  1171.3  2887.1  8084.0  52746.0    52458
read      369.7   339.3    74.4   128.7   148.2   316.6   395.9   444.1   481.4   528.2   589.5   702.6  1518.7  3963.0 12515.5  70461.0    70467
read      359.6   311.3    74.4   127.6   146.4   313.9   391.5   438.4   473.7   518.6   578.6   677.3  1435.6  3160.2  6895.1  70859.0    71151
read      367.5   384.1    74.4   129.9   149.4   317.7   400.5   450.0   487.2   531.9   587.9   680.1  1301.7  4674.5 10259.2  64924.5    65016
read      345.4   248.1    68.9   124.8   142.7   315.7   390.2   434.3   466.8   505.0   554.0   632.2  1074.0  2030.5  9607.4  42001.0    42057
read      358.8   300.8    74.4   128.3   148.1   315.5   389.6   434.4   469.6   516.1   580.1   681.6  1191.9  3391.8  8538.2  78872.0    78821
read      357.6   340.7    68.9   126.7   144.9   315.5   393.8   437.7   469.6   509.2   565.6   655.3  1321.6  3433.9 11809.4  60845.0    60720
read      395.0   543.6    63.8   122.6   141.1   308.8   382.4   431.5   471.2   523.9   612.8  1017.0  1741.5  6843.6 25864.2  39890.0    39911
read      466.7  1937.1    74.4   123.0   140.9   292.6   349.5   388.9   420.2   458.0   506.8   614.2  5042.5 31077.5 74133.0  10603.0    10628
read      431.0   756.0    74.4   130.3   151.8   327.7   406.5   457.3   499.9   559.8   643.6   922.1  2239.0  9249.9 31833.2  73644.5    73736
read      692.0  2532.6    80.4   132.2   159.8   304.6   354.7   384.2   407.6   439.8   497.2  1217.0 10627.8 32150.4 49742.1   7336.0     7334
read      460.6   594.0    68.9   143.2   171.6   354.9   431.8   486.8   539.7   616.1   726.2  1205.3  2078.9  7745.4 21871.0  91612.5    91868
read      376.3   378.6    68.9   129.5   149.9   322.5   400.6   448.0   484.3   531.1   594.5   714.9  1587.1  4083.9 13135.5  76811.5    76670
read      434.4  1291.1    74.4   126.8   146.4   299.2   352.0   386.9   413.0   446.8   494.5   581.0  4607.1 28286.8 32283.0  10507.5    10405
read      584.2  1500.8    74.4   120.4   140.3   326.4   477.2   608.0   700.5   791.0   900.7  1080.7  6617.2 21751.4 36477.3  25959.0    26019
read      381.3   470.8    74.4   126.4   145.3   316.3   398.8   448.2   486.4   533.8   597.8   767.5  1693.1  4409.3 10949.7  55753.0    55530
read      394.9   606.7    74.4   124.5   142.7   313.3   401.7   456.2   495.1   544.9   629.2   838.8  1697.3  5791.5 29420.0  29673.5    29615
read      361.3   418.8    68.9   128.0   146.5   315.6   397.5   444.5   480.1   523.8   580.1   676.8  1183.7  3592.2 21255.7  65731.0    66057
read      357.5   335.1    68.9   129.1   148.1   319.1   401.4   446.8   479.5   521.2   574.9   656.5  1098.1  2976.9  9840.7  55429.0    55281
read      394.0   554.2    74.4   122.7   141.0   317.2   414.7   476.9   529.5   600.0   694.7   837.4  1263.6  5412.7 30558.8  21316.0    21177
read      475.8   846.4    68.9   141.5   169.0   355.3   430.0   484.9   535.7   607.7   702.4   912.6  2670.6 10520.3 31552.8  88387.0    88239
read      369.3   382.0    74.4   131.6   151.3   316.3   397.7   446.6   483.5   529.6   590.7   693.5  1503.9  3682.8  8570.6  70060.5    70227
read      572.4  1565.0    74.4   123.5   143.4   341.6   471.2   566.9   642.2   725.8   830.9   997.3  6495.5 29126.0 37435.4  23367.5    23421
read      494.7   559.2    68.9   156.8   193.0   389.6   468.7   533.5   599.3   690.3   804.8  1392.8  1998.6  7216.3 20341.7  97029.5    97104
read      536.4  1926.4    80.4   135.6   163.8   292.8   335.5   359.5   376.0   401.7   445.4   568.7  7168.9 29960.7 39081.5   6226.5     6235
read      408.4   618.5    68.9   127.7   147.0   321.9   405.0   456.9   496.1   546.1   622.5   874.7  1951.4  7658.4 30784.2  57778.0    58045
read      531.7  1377.4    68.9   119.2   138.4   322.8   453.8   551.4   628.2   711.7   810.5   964.7  6082.6 28134.3 32450.5  23823.0    23729
read      364.9   474.9    68.9   118.8   136.8   305.1   383.2   430.6   466.3   509.7   573.7   728.2  1367.5  6796.7 25505.3  40819.5    40897
read      361.7   451.2    68.9   124.5   143.1   307.1   387.0   433.8   468.5   509.8   565.9   673.8  1461.1  5746.2 14943.0  53198.5    53312
read      338.6   213.5    68.9   130.4   150.4   307.4   381.5   425.9   460.0   502.4   560.8   653.4   853.4  1752.6  5805.0  87019.0    87262
read      353.4   330.7    68.9   129.4   149.8   309.9   385.5   430.8   466.1   510.2   572.1   669.9  1055.4  3936.2 10000.9  81639.5    81836
read      398.4   585.1    74.4   138.5   161.9   332.1   407.7   455.4   493.6   543.1   613.8   735.8  1466.7  7207.4 30374.1  91933.5    92274
read      345.6   338.1    74.4   121.7   139.5   308.0   387.7   433.2   467.8   507.4   558.1   638.0  1066.2  3156.4 13104.1  47266.5    47252
read      368.3   502.3    68.9   128.5   147.9   310.0   390.0   437.6   472.5   517.8   577.9   682.4  1478.2  7090.5 17531.2  75468.5    75747
read      366.3   494.7    68.9   127.4   146.5   300.8   376.0   423.5   461.4   508.8   573.5   683.5  1729.1  5260.9 25634.4  80964.0    80994
read      359.8   436.8    68.9   133.3   155.1   308.9   379.9   423.9   458.8   502.8   565.7   667.2  1008.2  5741.8 13089.5  98319.5    98224
read      464.0  1463.6    74.4   133.5   159.2   303.6   349.2   376.6   399.7   429.4   471.3   552.0  5852.4 29301.7 36349.7   7823.0     7737
read      373.4   494.0    74.4   120.5   138.3   302.1   381.8   434.0   473.1   518.4   579.6   762.7  1611.4  7536.6 13562.0  37492.5    37514
read      672.3  2314.6    80.4   125.4   148.4   330.4   403.6   444.8   472.8   506.1   554.2   735.1 11839.8 31805.9 37878.9  10612.5    10640
read      472.4   598.1    68.9   140.0   167.6   359.7   446.1   501.8   552.2   630.3   780.3  1437.9  2025.3  7095.4 28288.1  90474.5    90490
read      373.0   496.6    68.9   130.6   152.3   311.2   384.8   430.6   467.8   515.7   583.1   693.6  1527.4  6461.2 22430.7  92499.0    92514
read      357.0   416.4    68.9   128.2   149.1   305.1   378.4   426.5   465.0   513.5   578.1   675.2  1321.8  5129.9 10052.1  88968.5    89245
read      362.9   372.4    68.9   128.1   147.7   311.4   391.9   440.3   476.5   521.4   580.7   680.9  1471.2  3559.8 12313.9  73309.5    73823
read      410.0   565.0    68.9   125.8   144.7   320.1   402.4   455.0   495.2   547.0   630.0  1011.8  1914.6  6306.2 25204.5  46606.0    46565
read      338.5   475.4    74.4   120.3   137.9   289.9   363.4   406.2   437.0   474.0   528.7   671.3  1046.9  5233.9 26183.7  21466.5    21419
read      436.3   648.3    74.4   127.3   147.3   315.9   399.6   455.0   499.8   559.8   667.7  1420.0  2182.8  6345.0 30381.4  67261.0    66915
read      489.7  1070.4    74.4   120.7   140.0   313.9   418.9   491.9   557.8   680.2   893.5  1142.8  3093.2 11705.7 32397.3  31580.0    31667
read      353.4   491.9    68.9   125.3   143.8   301.9   378.5   425.6   460.3   501.8   555.9   636.9  1217.6  5215.0 30394.8  72453.0    72255
read      367.5   504.6    63.8   131.3   153.8   311.2   382.7   427.7   463.8   510.8   579.0   687.3  1245.3  6133.6 23349.8  99714.0    99535
read      537.8  1928.8    74.4   123.8   146.3   307.7   363.3   397.3   423.6   455.9   500.4   595.9  7320.9 31732.3 41211.6   9266.5     9226
read      398.0   651.0    68.9   125.1   144.6   309.0   385.8   434.7   473.6   522.3   586.4   738.9  2136.4 10364.3 29240.2  67843.0    67844
read      341.0   272.6    68.9   125.1   143.7   295.1   372.0   419.1   454.9   497.9   550.1   636.0  1342.7  2972.4  8002.6  71517.0    71413
read      359.6   470.5    63.8   131.2   152.5   305.2   374.5   419.7   456.1   503.2   567.6   663.9  1126.4  5841.2 15685.4  97130.5    97328
read      340.0   331.2    68.9   123.1   140.8   301.3   376.4   420.5   453.2   492.1   540.4   613.0  1169.9  3566.9  8766.6  55182.0    55113
read      367.0   435.1    68.9   128.2   147.2   321.5   401.2   447.0   482.8   526.2   582.1   674.3  1387.6  4792.1 10779.8  53577.5    53743
read      557.0  1650.8    74.4   121.9   141.2   340.9   431.5   492.9   537.2   587.3   656.5   819.4  6972.8 30310.2 42490.0  15366.0    15253
read      474.0   703.1    68.9   138.4   164.7   342.6   423.4   488.7   549.9   632.0   761.5  1508.9  2171.4  6486.9 31656.1  90627.5    90605
read      536.3  1456.6    74.4   126.2   144.7   320.5   438.6   536.9   635.4   752.6   879.8  1054.3  5017.4 30054.8 40403.7  25567.5    25767
read      470.5   621.0    74.4   142.0   170.9   372.0   454.3   505.8   554.0   632.9   765.9  1045.0  2033.2  7995.7 30153.3  93571.0    93458
read      364.7   402.6    74.4   130.3   152.1   311.6   384.1   429.0   465.7   513.7   581.2   687.6  1451.2  5397.9 11663.0  95085.5    95080
read      373.6   564.8    74.4   128.8   150.1   312.5   386.4   432.1   468.9   517.5   584.2   691.8  1382.4  8421.2 28929.5  88286.5    88399
read      367.4   554.5    63.8   130.7   152.2   310.2   383.0   429.5   466.5   515.1   580.5   685.5  1404.5  6234.7 31139.4  95985.0    95681
read      440.9  1011.1    74.4   120.7   137.9   298.5   385.3   446.1   494.4   566.5   732.3  1015.0  2521.4 11723.6 39341.0  33057.0    33003
read      353.3   395.2    68.9   128.7   150.0   304.5   375.2   420.6   457.2   503.8   565.4   662.0  1098.0  5063.9 14049.9  98645.0    98809
read      359.3   399.1    68.9   126.8   144.8   311.3   392.4   438.2   472.6   514.3   571.2   662.5  1342.1  4032.8 11979.9  64673.0    64610
read      355.0   586.0    68.9   121.5   139.4   302.9   378.3   422.3   455.5   495.8   546.0   627.8  1207.8  7672.9 30271.0  51440.0    51183
read      435.9  1004.4    68.9   122.8   140.8   315.4   405.1   460.3   506.3   581.1   691.9   854.2  2054.8 12316.1 32075.6  19895.5    20194
read      697.1  2492.0    80.4   127.2   154.8   309.9   363.3   395.6   420.9   452.4   501.5   963.2 10784.4 32068.3 37695.6   7569.0     7602
read      389.6   665.4    74.4   119.5   137.5   305.4   381.7   429.4   468.3   518.2   585.3   811.9  1708.1  8505.7 31051.4  46679.5    46677
read      603.9  2328.9    80.4   136.3   168.2   287.3   330.9   357.5   376.3   404.3   459.0   853.8  8249.5 32207.1 46796.5   5606.0     5577
read      594.7  1812.8    68.9   122.1   141.3   316.9   436.4   535.1   628.1   717.9   837.0  1034.2  7588.9 31058.6 45696.3  22733.5    23035
read      353.9   443.0    68.9   123.6   142.3   311.1   384.4   426.7   459.1   497.8   546.4   628.9  1242.1  5586.1 12865.1  56894.5    57516
read      351.2   372.3    68.9   123.8   141.9   305.7   380.7   425.3   458.9   500.0   551.9   638.6  1344.5  4769.0  8078.8  63002.0    62851
read      393.3   577.0    74.4   121.5   140.0   305.8   380.0   430.7   471.1   522.6   613.2  1004.2  1738.4  6139.6 29348.9  38434.5    38431
read      343.1   315.7    74.4   121.5   138.4   289.1   363.2   410.2   444.6   486.2   548.1   757.9  1163.6  4447.4  9813.0  25793.5    25729
read      652.5  1990.6    74.4   123.0   143.6   352.3   486.8   572.2   629.7   693.0   775.3   933.8  9817.8 31378.1 44386.3  19417.5    19443
read      623.0  1825.5    74.4   121.5   141.4   350.7   472.3   561.6   624.5   693.8   782.1   954.9  7920.2 30763.9 44348.9  19576.0    19461
read      346.1   378.9    68.9   121.4   139.3   303.0   377.7   422.7   456.1   496.3   546.0   624.2  1196.0  6252.2 12119.0  42492.5    42341
read      595.7  2224.3    80.4   134.3   164.8   290.2   331.3   356.0   374.9   399.2   442.6   765.6  8134.0 31768.3 39221.5   5765.0     5691
read      374.3   588.8    68.9   119.6   137.2   299.4   371.3   418.8   456.4   501.2   562.6   739.3  1667.5  8331.6 25798.6  40158.0    40223
read      522.2  1312.4    74.4   125.1   143.9   322.7   441.2   533.8   628.9   764.8   920.0  1133.4  4036.9 12202.9 49321.0  29980.5    29941
read      338.9   482.9    68.9   118.3   135.2   297.2   367.1   409.8   444.0   484.5   533.2   607.5   995.4  7772.9 18384.5  41328.5    41162
read      407.5   557.6    68.9   122.2   141.1   308.8   391.8   447.2   491.5   545.0   632.0  1107.5  1928.3  6710.7 25997.0  44137.0    43863
read      458.8  1251.1    68.9   121.1   139.1   307.7   393.1   441.9   482.0   541.1   650.3   834.3  4339.1 13853.3 37331.4  20381.0    20318
read      388.7   507.1    74.4   135.9   158.8   324.6   401.5   450.2   488.6   538.1   609.1   730.8  1647.0  5773.2 29306.3  93625.5    93421
read      353.0   416.3    68.9   123.1   141.4   307.3   377.9   420.3   452.4   492.1   542.8   634.8  1434.5  4700.0 19925.5  48756.5    48578
read      358.1   559.2    68.9   120.8   138.6   302.3   368.6   411.5   445.4   486.5   538.1   641.0  1423.6  6160.9 29454.8  40919.5    40595
read      576.7  1784.2    74.4   123.2   143.3   336.7   459.9   543.3   594.7   646.7   713.9   848.5  7215.3 31401.2 37829.6  17657.5    17677
read      417.9   534.5    63.8   127.9   149.4   318.9   398.9   453.1   497.3   555.0   640.2  1081.6  2167.2  5285.4 22200.8  79261.5    78948
read      465.5  1293.0    80.4   128.1   150.5   323.9   389.0   426.3   453.1   484.0   530.6   651.9  3902.7 19650.1 37288.0   9614.0     9703
read      351.7   270.5    80.4   131.1   154.2   334.7   401.7   439.4   463.2   492.4   528.2   580.1   727.6  2813.7 11141.4   9615.0     9686
read      770.5  2841.2    80.4   131.9   160.2   322.6   379.7   412.4   437.1   468.9   518.0  1441.2 11932.7 36581.2 50869.9   7911.0     7968
read      396.2   613.3    74.4   123.0   141.6   329.3   421.0   475.3   514.4   557.5   618.0   716.7  1402.4  8923.9 25715.5  15810.0    15830
read      329.1   467.6    80.4   131.6   156.5   310.1   358.8   384.7   402.7   427.8   458.1   506.5   812.7  4910.2 24233.7   8288.0     8192
read      384.7   394.0    68.9   130.5   151.0   314.1   393.8   445.5   486.6   537.9   609.8   761.8  1793.4  3448.3  9639.4  79039.5    79410
read      393.5   610.5    68.9   129.2   149.6   314.0   394.8   445.2   484.7   533.8   598.1   733.6  2003.2  7106.4 30714.1  76350.5    76582
read      366.8   515.2    74.4   123.3   141.8   306.7   383.7   430.5   465.7   507.4   564.7   669.7  1575.1  7127.4 16361.5  54649.5    54634
read      382.3   657.7    68.9   127.6   146.4   308.2   388.2   436.1   471.6   517.0   578.2   690.4  1863.0  7411.9 31036.0  72063.5    72177
read      447.6  1050.1    74.4   122.1   140.7   331.6   426.8   485.6   524.7   567.7   622.5   722.4  3069.1 16674.5 36225.1  15223.5    15101
read      387.2   997.6    68.9   132.9   158.0   314.4   363.1   390.0   409.8   437.1   473.3   544.2  1632.4 10856.9 40581.0   8214.0     8167
read      373.6   594.2    68.9   121.0   139.2   301.0   376.3   423.4   459.6   503.3   568.7   767.1  1488.6  6582.4 29670.9  43981.5    44130
read      349.3   299.2    68.9   125.7   143.7   311.1   389.5   434.7   468.2   508.1   560.8   640.6  1203.3  3006.9  7953.1  53086.5    53047
read      383.1   562.2    68.9   136.9   159.8   325.7   402.5   451.1   488.8   536.4   600.3   709.8  1227.0  7407.1 31016.4  96974.0    97171
read      381.3   647.5    74.4   131.2   152.2   322.3   401.5   448.5   484.3   530.4   594.1   702.8  1259.5  6644.4 32066.0  81412.5    81360
read      370.5   471.8    68.9   128.1   147.9   311.9   391.6   439.7   477.3   524.9   587.4   698.1  1478.8  4718.1 27996.4  76984.5    77277
read      430.0   846.5    68.9   122.9   141.4   310.7   393.0   447.8   491.0   545.3   645.7  1048.3  2162.3 13957.1 31114.7  38403.0    38294
read      356.3   479.9    68.9   126.0   145.7   316.3   374.3   406.2   431.7   461.8   503.5   575.8  1366.6  7902.8 17416.2  11196.0    11165
read      409.6   487.1    63.8   133.5   155.3   325.6   412.1   465.8   507.8   563.7   647.1   884.9  1900.4  5315.2 16387.7  74097.0    74155
read      352.7   598.9    74.4   123.9   142.0   306.3   370.0   407.6   434.8   468.2   508.4   579.7  1128.2  6045.0 31974.3  12282.5    12255
read      365.4   362.8    68.9   120.8   139.2   303.4   381.6   430.4   469.2   516.8   586.6   820.2  1539.1  2978.1 10777.3  52626.5    52404
read      385.4   493.5    74.4   124.4   143.5   339.1   428.1   478.7   513.5   553.3   610.2   706.7  1130.8  6197.7 25005.0  17127.5    17057
read      350.0   855.6    80.4   146.9   176.8   300.4   340.8   363.3   379.6   400.1   429.7   490.6  1047.4  9999.6 39149.9   6001.0     6005
read      414.1   444.0    74.4   132.6   153.7   318.7   398.9   455.5   502.4   562.4   643.5  1111.0  1999.7  4030.3 12264.9  85205.5    85707
read      380.4   482.6    68.9   132.8   153.1   319.7   400.7   451.2   490.2   538.8   602.6   706.9  1610.2  5099.8 27918.2  79772.0    79742
read      355.2   369.3    68.9   124.9   143.3   304.6   386.2   435.0   471.8   515.8   571.3   657.2  1478.5  3676.6  9632.0  58176.0    58322
read      427.9   894.0    68.9   124.9   143.1   308.2   414.7   478.9   525.4   588.7   700.0   874.7  2092.8  7993.8 32275.9  26185.0    26212
read      415.2   525.2    68.9   129.0   148.8   304.6   388.6   442.9   488.1   546.4   646.5  1160.2  2250.7  5341.0 15483.4  69584.5    69487
read      385.5   583.8    68.9   123.6   142.3   307.8   402.7   462.5   506.8   564.7   655.1   848.2  1211.5  7657.0 30765.5  29199.5    29507
read      349.5   257.4    68.9   124.2   142.6   309.0   387.2   436.1   473.5   518.2   573.8   663.7  1292.5  2276.9  9279.5  51521.5    51412
read      348.3   302.0    68.9   125.7   144.2   303.5   384.8   433.6   469.4   510.8   561.9   640.4  1301.8  3294.8 10086.7  67189.5    67374
read      349.3   445.9    74.4   125.3   143.1   308.1   386.3   431.6   464.9   504.1   552.8   627.0  1163.7  5610.0 11954.0  55028.5    55125
read      348.9   317.9    68.9   123.8   141.9   307.4   384.7   432.3   467.7   509.7   561.9   640.0  1310.6  3318.6 12242.3  53161.0    53048
read      461.8  1274.7    80.4   131.0   151.6   334.1   409.5   449.6   476.1   508.4   552.4   644.2  3240.5 25055.7 39747.2  12098.5    12192
read      374.6   503.9    74.4   121.9   140.3   299.9   382.4   438.7   479.0   524.3   584.7   763.4  1413.9  7585.9 11766.3  36088.0    36138
read      346.3   244.6    74.4   126.9   145.0   310.3   389.7   435.7   470.2   511.9   563.9   640.2  1118.9  2663.5  4329.9  60527.5    60799
read      344.9   364.8    68.9   122.7   140.8   303.7   379.1   428.8   464.2   504.8   553.0   625.0  1066.5  4814.4 12401.0  36523.5    36368
read      353.4   294.4    68.9   121.9   139.4   299.3   379.3   433.8   476.0   523.0   581.0   704.3  1315.2  3184.1  9766.7  39605.0    39729
read      378.7   462.3    68.9   137.4   160.6   327.0   401.9   450.1   487.5   535.0   600.6   704.9  1246.0  5251.6 16118.8  95628.0    95693
read      349.8   372.6    74.4   126.7   144.8   308.9   384.6   433.5   471.0   513.4   565.9   641.8  1138.4  3837.9 15999.6  41122.5    40999
read      364.0   334.6    68.9   128.5   147.5   306.1   386.5   435.8   474.3   521.7   583.4   701.8  1678.8  3166.4  7393.5  65227.0    65037
read      607.0  2070.4    74.4   135.7   157.4   343.1   417.3   462.5   496.1   534.5   582.6   706.8  8557.5 35146.1 40593.9  12457.5    12633
read      373.1   422.1    68.9   128.1   146.4   312.2   392.6   440.0   476.9   523.7   583.8   696.8  1624.7  5138.5 15659.1  50142.0    50117
read      350.2   305.8    74.4   130.4   148.9   310.8   390.3   436.3   471.0   512.0   565.0   642.6   967.5  4176.3 11385.6  62947.0    62765
read      541.9  1752.2    74.4   129.9   150.5   332.3   405.9   450.4   480.8   515.3   557.3   636.8  8591.6 31379.0 37809.6  12253.5    12379
read      353.9   396.1    68.9   125.8   143.3   303.1   379.9   427.8   464.3   507.6   561.9   648.5  1431.0  4029.4 14582.9  49320.5    49369
read      364.3   371.8    63.8   125.4   142.9   303.6   384.7   438.2   479.1   526.9   590.1   764.9  1343.0  4212.2  9617.4  39184.5    39111
read      349.9   312.7    68.9   124.4   142.8   311.3   390.4   436.9   472.5   516.4   570.1   646.8  1038.2  3839.6  7988.4  52503.5    52692
read      484.9  1136.5    68.9   125.4   145.1   332.8   462.2   543.8   614.3   693.8   781.0   908.3  2516.9 11251.6 41011.6  24691.5    24539
read      389.3   527.2    68.9   128.2   146.9   313.7   397.3   448.4   487.3   534.9   595.7   726.3  1935.5  5198.6 23444.3  61304.5    61591
read      345.2   341.1    68.9   122.0   139.7   306.3   381.5   427.4   462.5   504.7   555.9   630.5  1190.9  4234.2  9299.8  47754.5    47864
read      510.7  1544.6    74.4   127.7   146.6   337.2   428.0   483.1   525.6   574.1   633.1   735.5  5979.3 30560.9 37844.8  16464.0    16479
read      374.5   455.9    68.9   128.7   148.6   310.8   390.5   439.9   478.8   527.4   589.0   698.6  1731.0  5060.1 12576.8  75316.0    75268
read      501.2  1944.3    80.4   138.5   162.3   308.4   356.7   385.2   404.3   430.2   464.2   537.2  7134.1 32326.3 39638.8   8780.5     8714
read      602.5  2040.6    74.4   126.3   147.1   336.2   421.3   470.2   502.5   537.8   583.9   687.7  8339.9 32199.4 39406.7  12887.5    13002
read      385.0   488.3    68.9   130.3   149.7   315.1   395.6   446.7   485.4   535.0   602.1   727.0  1843.2  5449.1 14805.4  76980.5    77147
read      363.7   410.4    74.4   122.3   140.3   305.6   384.8   435.0   473.5   521.3   582.7   718.2  1409.8  4554.5 10838.5  43585.5    43518
read      382.7   737.1    74.4   123.6   142.0   303.2   396.0   451.6   490.6   535.7   601.6   786.8  1237.3 10971.0 36230.9  27308.5    27206
read      364.0   356.7    68.9   124.4   142.7   306.0   389.2   439.2   477.2   525.8   587.8   724.7  1551.8  3446.6 10230.0  55756.0    55859
read      372.2   410.1    74.4   125.3   144.0   313.1   393.1   445.6   485.4   532.1   592.1   743.0  1391.5  4907.2  9440.6  37259.0    37448
read      354.8   270.7    74.4   128.0   146.5   325.3   401.9   448.2   482.4   525.1   577.1   649.0   930.3  2829.1  9969.1  44953.0    45026
read      358.3   455.6    74.4   133.4   155.1   306.7   379.7   424.8   460.2   505.3   568.4   667.5  1113.4  5404.1 17793.5 100269.5    99974
read      346.1   322.2    68.9   126.2   144.0   304.9   385.2   431.0   465.8   506.5   559.0   635.4  1119.6  3870.4  9282.2  64507.5    64632
read      372.9   446.1    68.9   123.5   141.3   302.5   381.9   433.1   472.9   524.3   591.9   783.1  1649.0  4645.3 13804.8  49189.5    49061
read      343.4   291.7    74.4   127.7   146.1   299.3   376.3   423.7   459.1   502.4   557.7   639.5  1094.4  3675.3  9055.3  80578.0    80418
read      457.0  1200.2    74.4   126.6   145.3   330.7   415.3   463.7   501.0   548.6   606.9   692.0  4490.2 19230.2 32103.7  16584.0    16471
read      399.5   692.0    68.9   122.9   141.4   305.0   393.1   452.5   494.3   544.5   625.0   907.0  1498.3  8620.6 31418.7  35649.0    35694
read      515.1  1566.6    74.4   129.2   149.3   334.7   414.2   462.3   497.6   540.4   589.7   682.8  6959.7 30923.1 37305.5  13978.0    13935
read      442.8   829.7    63.8   132.5   154.2   322.6   401.2   459.7   508.9   570.1   646.6  1274.3  2037.9 12344.0 31194.2  79529.0    79838
read      370.4   483.0    68.9   124.0   142.2   305.8   385.5   434.2   473.6   521.6   579.9   691.9  1632.3  4761.5 18438.2  48837.0    48842
read      328.5   403.1    74.4   125.5   142.9   303.0   371.7   406.8   430.4   456.5   488.9   540.5   800.5  4935.8 19204.0  17763.0    17708
read      411.3   574.1    74.4   124.6   143.3   314.8   415.4   480.2   531.2   603.0   747.9   989.4  1428.4  6441.3 28849.3  31348.0    31401
read      351.4   381.9    68.9   125.4   143.8   304.7   382.5   429.3   464.3   505.6   557.7   639.5  1285.2  6266.5  9950.6  61990.5    62091
read      359.8   438.2    68.9   130.7   150.5   305.3   380.5   427.2   464.1   510.3   572.0   668.5  1425.0  5450.4 10064.5  87338.0    87121
read      346.3   366.8    68.9   127.1   146.0   299.7   376.3   423.6   460.3   504.9   561.2   642.9   991.5  4424.1 10733.8  81555.0    81929
read      361.5   410.3    68.9   121.3   138.8   301.8   382.5   434.0   474.3   521.2   580.0   700.8  1369.9  5476.7 10983.1  42034.5    42013
read      367.4   527.4    63.8   132.3   153.3   310.2   386.3   432.8   468.6   516.6   580.1   678.6  1311.6  6177.2 27771.0  90822.5    90709
read      349.0   300.8    68.9   128.0   146.0   308.7   389.0   436.4   471.8   514.4   566.5   645.1  1144.8  2703.6  8728.6  67842.5    67578
read      361.2   338.7    63.8   127.8   146.9   319.2   401.1   450.9   487.9   530.9   584.8   668.3  1160.2  3172.7 13762.8  58113.0    58116
read      349.8   361.9    68.9   126.7   145.0   306.8   386.9   433.8   468.7   512.7   567.9   648.9  1122.4  3278.2 16589.2  68774.5    68886
read      352.5   376.8    68.9   131.0   151.9   306.9   380.2   426.7   462.5   506.5   566.7   658.4   967.1  4524.5 12805.4  92886.0    93119
read      387.1   582.5    74.4   138.2   160.3   326.2   401.4   447.6   484.7   533.0   599.8   707.1  1265.1  7301.1 28805.8  95215.0    95079
read      354.1   385.2    68.9   126.9   145.5   301.7   378.0   425.7   462.6   506.9   564.2   651.6  1441.0  4852.3  8129.8  77260.5    77456
read      455.2  1296.4    68.9   127.6   146.8   324.1   402.3   446.7   481.1   527.8   586.7   688.4  4847.9 24470.5 38782.0  15820.0    15723
read      560.9  1872.6    80.4   133.1   158.8   325.8   394.7   432.1   458.0   487.6   527.5   630.4  7444.0 31882.5 40994.1   9930.0     9867
read      679.8  2440.4    80.4   136.5   164.4   317.4   371.8   401.9   424.3   451.6   493.4   676.9  9821.6 31810.3 37022.4   8130.5     8176
read      408.8   643.3    68.9   133.5   156.1   317.9   398.0   452.0   495.4   549.4   622.7   784.0  1873.4  7960.9 30809.2  89069.5    89745
read      506.0  1632.7    80.4   129.7   151.8   326.7   393.4   431.4   458.5   489.9   532.7   621.9  7138.9 30094.6 37045.7  11091.5    11058
read      807.2   717.2    74.4   216.8   252.9   464.9   843.7  1442.0  1545.9  1646.7  1746.2  1909.6  2674.5  3617.4 16063.4  81006.0    81413
read      388.1   350.4    68.9   125.3   144.5   331.4   440.7   512.9   566.3   623.6   692.2   801.8  1074.8  1989.3 13585.7  21758.5    21659
read      397.3   267.6    68.9   126.2   145.3   328.1   457.8   549.1   610.6   674.0   746.4   862.3  1044.7  1352.0  6599.0  27332.0    27181
read      371.6   334.5    68.9   130.3   150.1   340.2   429.9   484.4   520.0   555.8   596.4   658.5   800.6  5164.7 12322.0  17413.0    17420
read      387.6   299.0    74.4   128.0   147.0   341.3   453.1   525.9   576.0   626.6   683.3   764.8   924.7  1991.6 10013.8  23150.0    23028
read      412.2   349.7    74.4   126.0   144.8   310.1   440.4   552.4   646.3   739.7   841.7   980.5  1205.5  1528.8 14111.6  33543.5    33694
read      413.6   361.8    68.9   126.2   145.3   310.5   436.9   544.6   636.5   739.4   860.4   996.2  1216.5  1622.6 12350.2  32956.0    32735
read      430.9   453.0    68.9   128.6   147.6   289.5   376.1   447.7   510.7   654.5  1041.2  1445.8  1835.9  2223.2  9599.4  57210.5    57645
read      432.1   390.1    68.9   128.3   147.3   298.3   401.5   491.1   599.2   791.6  1027.0  1252.9  1543.0  1979.6 10572.3  45268.0    45216
read      437.6   470.3    68.9   129.8   149.5   292.9   383.0   452.9   518.6   671.1  1060.0  1428.1  1858.1  2538.2 13225.6  57504.0    57659
read      794.1   723.4    80.4   199.6   243.2   434.7   711.8  1428.9  1541.0  1654.5  1773.2  1959.7  2775.1  3921.6 15710.0  85212.0    85443
read      363.5   426.5    74.4   126.3   144.2   321.0   404.9   453.1   485.9   524.0   569.0   639.8  1191.2  4280.9 19523.2  14609.0    14390
read      413.0   386.5    68.9   125.5   144.3   318.0   449.7   554.5   642.7   726.6   826.8   958.0  1172.2  1471.9 16497.6  31506.5    31520
read      429.8   453.0    68.9   129.2   148.8   284.8   367.6   428.8   487.3   602.7  1020.8  1521.3  2010.8  2541.8 10907.0  67092.0    67089
read      361.2   393.0    74.4   129.1   148.6   333.0   415.8   463.9   497.4   533.4   575.6   635.7   762.5  3859.5 21224.6  16665.0    16537
read      372.0   308.5    74.4   129.2   149.6   338.2   433.2   490.4   526.8   566.0   613.0   679.4   843.2  3047.9 13161.8  18809.5    18930
read      431.0   436.0    63.8   126.9   145.9   296.6   399.2   490.2   585.2   771.6  1030.5  1256.3  1550.1  1956.7 13245.3  46811.5    46784
read      869.8   768.6    80.4   254.1   278.7   547.3   852.7  1431.3  1531.3  1678.1  1830.0  2494.6  2928.0  3704.4 15655.8  92939.5    93102
read      849.6   760.4    93.8   248.7   273.7   503.9  1200.2  1472.6  1580.8  1682.5  1785.2  1933.6  2803.0  6387.0 18537.4  89394.0    89799
read      846.3   846.7    93.8   231.1   260.3   491.9  1102.6  1476.2  1576.0  1677.5  1780.6  1900.8  2767.2  9783.0 25615.8  66592.0    66551
read      767.6   861.7    68.9   188.0   234.5   411.5   682.6  1384.2  1481.3  1614.5  1724.5  1888.1  2715.5  9572.2 29818.9  92964.5    93104
read      492.6   584.9    68.9   126.3   145.6   303.6   411.1   508.2   646.4   938.9  1260.6  1603.3  2064.5  3100.1 22498.8  43844.0    43768
read      425.9   451.7    68.9   125.0   142.5   283.3   368.2   433.9   496.4   633.7  1076.3  1458.7  1846.1  2199.6  9562.7  54089.0    54006
read      433.2   451.6    68.9   130.3   149.8   286.0   370.1   436.3   502.1   641.7  1051.0  1470.6  1978.8  2505.1 13034.7  64821.5    64618
read      855.2   763.8    93.8   245.9   272.0   518.3  1307.5  1490.6  1594.9  1686.5  1782.5  1907.5  2741.2  4520.5 20054.6  86625.0    86482
read      794.3   728.8    86.8   219.3   249.6   456.6   750.3  1413.1  1502.9  1615.0  1735.6  1890.6  2793.7  3533.8 18271.1  77615.0    77459
read      457.0   549.4    68.9   127.2   145.4   291.1   373.7   436.0   496.7   630.8  1097.6  1694.1  2208.5  3142.3 15483.4  61320.5    61365
read      426.6   410.6    68.9   126.4   144.6   289.6   380.7   454.6   528.7   703.0  1062.4  1368.4  1694.4  2006.7  9185.4  52191.0    52346
read      804.4   733.3    80.4   201.5   249.5   443.8   788.4  1446.5  1544.6  1649.7  1753.8  1910.2  2764.6  3224.8 18317.3  87348.5    87286
read      378.7   404.5    68.9   124.9   142.3   323.6   420.3   481.5   522.7   570.4   630.1   734.7  1335.1  3410.6 18452.9  17465.0    17384
read      838.6   758.4    86.8   241.5   266.3   509.2  1020.5  1470.9  1569.4  1666.9  1766.2  1916.8  2774.5  5686.4 18855.0  98051.5    98165
read      694.2   796.1    74.4   161.1   198.5   382.2   586.4   919.3  1342.6  1474.5  1630.1  1845.1  2773.6  8746.9 25264.3  62899.5    63330
read      308.1   379.4    74.4   143.3   169.7   287.0   323.3   343.0   358.4   375.7   401.6   446.8   628.2  5662.1 17325.6   5946.0     5866
read      426.5   375.6    68.9   128.1   146.4   304.5   424.0   535.2   656.8   802.8   950.3  1112.2  1338.4  1744.5  9869.8  37707.5    37693
read      451.3   506.4    68.9   133.1   154.0   290.8   373.0   435.8   498.1   642.6  1048.1  1630.8  2237.9  2881.3 14364.5  75108.5    75360
read      413.2   343.6    68.9   125.2   144.2   307.2   435.5   542.4   643.6   746.2   869.6  1012.5  1247.1  1585.3  9535.0  34454.0    34753
read      432.6   433.7    68.9   128.0   147.6   287.4   375.6   447.9   518.9   683.8  1067.9  1429.4  1836.1  2286.1  9812.4  59502.5    59823
read      436.4   492.1    68.9   131.4   151.2   287.5   367.3   429.6   489.2   606.1  1022.1  1543.5  2076.6  2762.5 14191.3  68489.0    68266
read      430.8   408.5    68.9   127.0   146.1   308.0   429.2   527.7   643.0   790.2   955.8  1148.3  1404.1  2155.5 14285.5  39450.0    39383
read      435.5   466.8    68.9   131.0   150.1   288.1   369.7   431.0   492.1   614.6  1041.1  1543.2  1998.9  2471.1 12604.0  64889.5    65072
read      414.0   322.4    68.9   126.4   145.0   311.3   441.0   549.9   651.4   747.6   859.0   996.1  1209.3  1829.5  8048.1  33019.5    33192
read      432.1   398.0    74.4   128.8   147.3   294.9   389.7   466.8   543.1   724.1  1055.5  1362.8  1713.6  2134.9  7427.7  51805.0    51847
read      434.0   446.4    68.9   128.2   147.7   287.1   371.6   438.1   505.6   658.9  1066.3  1474.2  1929.7  2443.0 11157.6  62618.5    62362
read      841.6   815.8    80.4   237.8   265.4   500.5   869.6  1447.4  1547.6  1661.5  1778.0  1969.6  2871.6  6376.9 21395.6  84024.0    84073
read      500.9   570.7    74.4   131.5   152.4   308.9   398.6   472.0   556.5   772.5  1395.4  1785.9  2400.5  3207.7 12572.8  64342.0    64213
read      401.5   293.9    74.4   128.5   148.3   334.3   461.5   550.2   612.3   673.6   745.0   863.2  1071.5  1379.2  7905.5  26938.0    27059
read      425.4   407.8    63.8   127.7   145.8   287.0   377.9   451.4   522.8   705.3  1057.9  1356.9  1715.1  2135.1  8181.7  54347.0    54703
read      826.8   757.3    74.4   227.7   260.2   484.1   888.9  1463.4  1567.3  1668.4  1767.7  1916.1  2736.9  7404.4 18501.2  98472.5    98366
read      449.0   662.0    68.9   123.1   140.5   303.8   425.6   531.6   639.4   770.1   945.9  1211.0  1768.2  4409.8 28131.0  29447.0    29565
read      464.3   530.0    68.9   137.9   159.7   299.3   389.0   455.4   522.4   675.9  1065.0  1655.5  2226.4  2914.4 13435.5  74941.0    75000
read      433.4   457.5    63.8   128.2   147.9   288.0   372.3   442.5   509.1   648.7  1037.3  1482.5  1926.7  2490.2 13464.8  62031.0    62235
read      428.8   393.1    63.8   127.7   146.0   292.8   395.3   485.9   590.3   788.8  1029.0  1263.4  1560.7  1931.9  9394.4  47819.5    47788
read      434.7   480.8    63.8   130.7   150.3   285.1   366.4   428.5   490.4   621.2  1049.3  1529.9  1996.4  2528.0 12732.7  68827.0    68928
read      421.8   349.0    68.9   128.4   146.6   310.0   432.0   530.1   648.4   777.3   915.6  1078.0  1312.3  1674.4  8727.6  36443.0    36478
read      483.5   530.2    68.9   139.9   163.2   310.6   403.4   477.2   550.3   710.5  1070.6  1756.2  2347.5  3195.1 12112.3  75996.0    76067
read      429.8   369.1    68.9   128.1   147.4   297.3   400.2   487.5   583.5   783.9  1024.1  1266.4  1571.8  1875.4  6878.9  46918.0    47020
read      763.6   766.7    80.4   192.1   235.7   437.5   667.6  1247.1  1441.9  1578.8  1734.9  1991.5  2878.7  3744.4 21216.1  81820.5    81656
read      361.8   359.0    74.4   127.2   145.6   328.6   416.8   470.3   508.3   546.6   591.4   660.2   837.4  2069.7 18584.2  16399.0    16396
read      387.1   365.7    68.9   127.3   147.3   341.1   450.7   518.3   564.7   613.4   668.4   747.4   923.5  3230.4 13636.1  21514.5    21661
read      437.3   420.4    68.9   129.0   147.9   295.8   396.5   488.6   590.0   780.1  1050.5  1314.2  1666.1  2189.4 10381.9  50285.0    50156
read      436.6   450.3    68.9   128.7   147.5   295.0   388.5   463.9   539.2   700.1  1058.2  1386.8  1811.5  2386.6 13098.9  54114.0    54102
read      436.4   459.0    68.9   131.1   151.0   288.5   374.1   436.9   499.8   624.6  1027.2  1544.1  2017.7  2531.6  9599.3  65820.5    65670
read      362.4   234.5    68.9   129.2   149.0   338.0   425.5   476.9   511.9   548.3   589.2   652.0   777.8  1484.4  9133.9  17671.5    17584
read      406.0   286.1    68.9   128.0   147.4   316.5   443.6   546.4   632.8   713.9   809.5   940.8  1144.8  1463.4  6957.2  30402.5    30347
read      369.4   329.0    74.4   124.6   141.6   298.4   407.6   506.1   568.0   623.9   682.9   766.9   923.3  4096.0 10759.8  21462.5    21534
read      300.4   322.1    80.4   125.2   144.4   285.3   336.1   364.7   384.8   406.7   434.3   472.1   559.8  3678.8 12886.5  10153.0    10216
read      689.9   722.8    68.9   168.4   205.6   383.2   580.8   861.3  1338.0  1515.3  1666.8  1903.8  2727.2  3874.9 19555.8  80478.5    80544
read      420.0   437.3    74.4   123.2   140.8   282.5   357.9   425.6   498.6   786.7  1087.6  1290.5  1600.7  2329.5 14073.2  45552.0    45508
read      374.2   297.1    63.8   127.0   145.5   308.6   419.8   513.5   573.0   631.7   695.1   780.1   924.1  1324.5 11575.1  21502.0    21591
read      340.9   336.8    68.9   126.6   143.6   305.9   386.1   440.8   476.0   513.3   555.2   615.0   727.0  3970.6 15763.8  15504.5    15435
read      334.2   303.8    74.4   123.4   140.2   302.7   378.0   431.2   464.9   499.4   539.8   594.5   733.7  4267.5 12998.9  14598.0    14502
read      355.4   322.0    74.4   128.0   146.8   324.4   409.3   461.2   496.5   533.3   574.8   636.7   761.5  3792.2 14154.6  16316.0    16369
read      427.4   374.8    63.8   127.2   146.8   301.8   413.2   518.9   636.8   786.3   969.0  1159.7  1432.7  1846.0 10741.1  42149.0    42077
read      422.3   378.9    68.9   127.7   146.0   293.3   388.9   492.8   657.4   837.2   975.0  1123.0  1347.4  3551.5  8857.7  38562.5    38334
read      358.6   289.4    74.4   126.9   145.4   322.2   416.3   475.7   515.2   558.0   609.6   678.3   821.4  1349.6 10657.4  17535.0    17694
read      510.1   547.4    68.9   142.0   166.7   326.2   428.4   514.8   610.7   797.0  1139.7  1776.8  2519.8  3188.3 11595.3  75266.0    75056
read      428.0   410.2    68.9   126.4   145.6   291.3   373.0   439.2   501.4   648.3  1075.0  1412.7  1815.4  2191.2  7685.9  53794.5    53845
read      330.1   314.3    68.9   124.6   143.1   302.7   374.0   418.6   449.1   483.1   522.6   578.7   699.8  3786.0 10792.7  13420.5    13319
read      615.8   714.6    74.4   153.7   184.6   377.0   513.6   654.1   788.1  1019.8  1453.8  2158.6  2885.6  4711.6 20109.2  77546.0    77808
read      427.6   409.7    68.9   126.8   145.0   288.8   369.8   448.2   540.7   826.7  1076.7  1286.2  1606.1  2024.8 10671.6  44588.0    44423
read      387.4   314.9    68.9   125.0   143.2   293.2   409.0   536.7   619.7   693.8   772.3   875.2  1051.6  1713.1  9229.7  25628.0    25669
read      423.5   445.9    68.9   122.6   142.8   280.6   358.7   417.3   471.0   576.7  1007.3  1553.4  1998.7  2530.1  9063.1  66420.0    66463

Total QPS = 50138.7 (45124788 / 900.0s)

Total connections = 64
Misses = 0 (0.0%)
Skipped TXs = 0 (0.0%)

RX 11145822389 bytes :   11.8 MB/s
TX          0 bytes :    0.0 MB/s
Warning! Detected max cpu usage > 95%
CPU Usage Stats (avg/min/max): 100.00%,49.25%,100.00%
ubuntu@client-measure-0r2f:~/memcache-perf-dynamic$
