Total number of intervals = 90 
Timestamp start: 1715963321553
Timestamp end: 1715964222095

#type       avg     std     min      p5     p10     p50     p67     p75     p80     p85     p90     p95     p99    p999   p9999      QPS   target
read      314.4   558.4    74.4   134.9   158.4   281.4   322.3   345.1   362.6   383.1   410.5   457.1   636.2  8425.9 23675.1   7391.7     7434
read      335.4   221.5    68.9   128.2   147.2   306.9   383.7   429.5   463.0   502.8   552.2   629.3   825.0  1693.8  7067.4  67039.4    67201
read      347.2   293.7    63.8   129.6   149.9   306.8   384.1   431.3   466.9   509.6   567.0   659.7   984.4  2754.7 10028.2  85991.3    85927
read      351.8   293.7    63.8   125.8   144.4   311.0   392.3   439.6   474.5   516.2   570.0   660.0  1156.8  2908.6  9711.5  63961.7    63953
read      379.9   449.8    68.9   125.1   143.8   307.4   382.5   433.0   472.3   524.8   614.6   919.4  1482.1  5322.3 13366.6  31509.5    31595
read      383.2   392.1    63.8   131.1   153.2   321.6   403.4   455.4   495.1   543.9   614.2   753.2  1613.5  4302.8 10534.0  87861.2    87879
read      656.1  2397.7    74.4   135.3   166.1   313.3   367.2   398.7   422.6   452.2   497.5   801.9  9719.2 32361.1 49019.2   7356.3     7287
read      369.3   416.2    63.8   128.5   148.0   317.1   397.7   446.5   482.7   525.8   582.2   688.2  1554.2  4184.7 15761.8  62218.6    62295
read      714.1  2740.9    74.4   134.6   164.8   295.2   341.7   369.0   390.8   420.2   469.6  1096.1 10993.2 35471.6 50883.7   6571.4     6561
read      513.7  1392.6    68.9   128.2   147.3   315.3   411.4   482.8   554.5   664.7   789.1   957.3  5566.5 24498.4 38035.1  22511.7    22532
read      357.4   325.5    68.9   128.4   147.3   314.3   395.8   444.3   478.9   520.4   574.6   668.2  1264.7  3132.4 10081.7  60511.5    60653
read      387.4   367.7    68.9   133.0   154.0   336.8   426.4   477.9   516.4   562.7   625.1   741.2  1421.8  3390.3 11871.8  59098.5    59076
read      369.8   389.4    68.9   130.8   150.7   320.8   403.5   453.8   490.9   535.2   591.5   692.8  1336.4  3651.7 14312.1  60048.1    60154
read      464.6  1024.5    68.9   129.3   148.6   318.4   420.5   488.7   549.0   652.5   785.8   953.3  2584.7 12498.5 35296.9  22906.5    22964
read      715.7  2654.9    74.4   130.8   157.8   311.0   370.2   405.5   433.4   466.7   519.8  1167.2 10651.4 35413.3 56901.0   8178.8     8172
read      415.3   833.1    63.8   127.6   146.2   308.2   386.1   440.9   483.8   539.7   656.1   945.2  1777.4 11063.4 32103.7  27585.3    27652
read      391.9   512.1    68.9   128.6   147.6   319.3   400.0   451.7   491.4   541.4   617.7   887.4  1590.1  5777.0 23510.6  37670.4    37594
read      437.0   901.8    74.4   128.2   147.2   311.3   400.5   462.8   514.3   597.1   745.9   943.8  1799.3 11675.9 32407.5  24470.3    24367
read      375.6   482.7    68.9   127.1   145.6   310.6   384.8   433.5   471.2   518.2   586.2   824.3  1398.1  6125.9 16542.4  33790.9    33771
read      356.5   306.4    68.9   131.9   152.4   312.3   392.6   442.6   480.0   524.9   582.7   681.7  1027.4  2966.4 10822.6  85111.1    84944
read      346.7   221.7    68.9   132.7   153.7   314.2   392.0   437.9   473.0   517.0   574.5   662.6   869.8  1861.2  6284.8  85525.7    85666
read      337.2   218.8    68.9   129.9   149.0   313.7   386.3   429.0   460.7   498.2   544.3   614.3   824.7  1632.0  7469.8  51952.9    51918
read      380.5   536.8    68.9   127.8   146.4   310.3   386.4   435.4   472.3   518.6   585.5   791.1  1476.3  6417.8 25149.8  34448.6    34406
read      428.4   868.7    68.9   130.0   149.2   310.7   394.2   452.6   499.7   567.9   721.6   982.9  1704.5 12175.2 32212.4  28637.3    28664
read      388.6   435.6    68.9   131.6   151.2   322.4   400.4   449.9   488.5   537.9   611.9   868.5  1541.9  4568.2 14682.1  38431.7    38289
read      540.3  1466.8    68.9   129.3   149.5   322.8   431.6   521.8   607.3   697.1   798.7   960.3  5902.3 28639.7 37294.1  20713.2    20658
read      666.5  2167.1    68.9   127.4   146.9   341.7   450.1   518.6   562.5   612.2   678.2   855.1 10018.8 31918.8 51230.8  13897.0    13840
read      426.0   597.2    68.9   142.3   168.3   353.0   439.5   493.2   535.2   587.4   662.9   807.7  1714.6  7486.0 30296.1  93063.2    93419
read      402.2   383.2    68.9   143.6   170.2   353.9   440.7   491.7   530.1   578.2   645.7   779.6  1143.0  4282.3 11285.9  98238.6    98284
read      375.7   358.2    68.9   132.1   152.7   322.3   405.1   456.5   494.2   539.1   599.7   715.3  1542.5  3723.4  9793.5  71469.6    71313
read      397.0   422.9    68.9   130.2   150.0   326.3   410.4   462.7   503.0   554.3   634.1   923.0  1639.2  4048.1 13590.4  42041.4    42089
read      360.1   310.9    68.9   129.3   148.3   322.4   401.3   447.0   479.9   519.0   570.5   656.8  1225.1  3179.9  9405.1  46382.5    46458
read      431.0   757.7    68.9   130.2   149.8   319.6   401.3   459.3   505.6   572.4   718.6  1012.5  1979.3 10264.2 31560.4  30803.1    30755
read      384.7   456.2    68.9   130.3   149.8   326.1   404.3   452.8   488.3   532.0   591.8   733.8  1579.1  5236.6 14762.7  42896.4    42889
read      389.4   488.4    68.9   139.2   163.3   337.6   421.0   470.1   508.1   554.7   618.9   730.5  1080.9  6130.6 25677.2  93666.3    93552
read      366.2   315.1    68.9   131.9   152.0   320.3   403.1   452.5   488.5   531.3   586.9   685.5  1350.1  3411.4  9864.8  65622.6    65694
read      407.4   668.5    68.9   129.2   148.4   314.4   390.0   441.0   482.2   536.3   635.6   945.6  1722.0  9352.8 30372.7  29540.2    29574
read      363.2   304.5    63.8   130.7   149.8   324.7   405.7   453.1   487.0   526.8   578.3   667.8  1216.4  3121.5 10614.6  51301.2    51355
read      368.2   333.4    74.4   131.4   151.3   323.0   406.7   456.5   493.0   536.5   593.2   693.8  1163.5  3621.4 10203.0  67305.1    67361
read      617.6  1924.4    74.4   129.1   149.1   341.2   451.0   532.1   587.7   645.4   718.7   865.0  8539.6 31591.5 40384.8  16284.6    16287
read      394.2   461.0    68.9   134.7   156.8   329.4   411.3   462.3   502.2   550.7   622.1   754.7  1734.5  5493.0 15663.1  81548.5    81508
read      383.7   500.4    68.9   133.1   155.3   323.4   405.1   455.4   493.4   540.4   606.5   724.6  1421.3  6175.4 24557.0  87639.1    87619
read      384.8   498.0    68.9   136.7   160.2   327.5   406.0   455.3   493.0   540.1   605.1   720.9  1347.9  6021.3 26046.4  99008.1    99068
read      356.0   393.1    68.9   126.6   145.0   313.9   391.7   436.8   469.6   508.7   561.0   649.4  1240.9  4796.0 11068.8  51198.5    51267
read      625.7  2067.5    68.9   128.4   149.0   328.1   412.4   465.9   502.5   543.2   597.3   733.7 10073.8 31427.3 39592.5  11817.1    11822
read      399.7   569.2    68.9   137.4   161.3   334.5   417.8   468.3   506.6   554.8   624.1   756.7  1556.6  7105.8 30242.7  97502.7    97494
read      390.6   531.8    68.9   136.2   159.8   329.7   411.4   462.0   500.6   547.9   615.4   734.5  1331.4  6652.6 29009.5  97407.1    97350
read      354.1   352.5    68.9   127.7   146.4   312.5   391.9   438.1   471.6   511.8   565.0   649.8  1219.7  3270.0 12847.9  55284.1    55460
read      381.7   481.1    68.9   133.0   154.5   320.8   401.5   451.7   490.0   537.2   600.8   716.5  1587.9  5551.1 18045.6  85955.6    85984
read      369.8   516.0    63.8   130.5   150.9   311.1   391.2   439.4   475.8   520.7   580.9   686.9  1424.4  5551.9 28582.7  82051.3    82043
read      363.7   468.4    68.9   129.1   147.9   317.5   398.8   445.9   479.6   520.6   573.9   662.9  1296.7  4136.3 28287.2  52929.4    52873
read      645.0  2077.6    74.4   128.8   148.1   337.5   435.2   502.2   546.9   595.4   660.1   820.0  9752.0 31810.1 39861.1  13949.8    13911
read      383.3   534.0    63.8   129.6   148.5   320.1   399.7   447.3   482.1   525.4   584.6   707.9  1687.8  6202.2 28580.3  49943.6    49984
read      688.9  2417.3    74.4   127.4   151.6   316.4   385.1   426.7   456.6   493.4   547.6   930.2 10457.1 32531.0 48873.6   9297.4     9274
read      455.2   953.2    63.8   127.8   147.1   315.4   409.7   474.2   529.3   626.2   818.0  1015.6  2070.3 12335.7 32475.1  27224.2    27187
read      497.6  1197.1    74.4   132.3   152.8   347.7   471.3   553.5   609.4   671.2   747.9   881.4  2834.0 17597.6 32988.0  18752.4    18735
read      436.5   750.8    63.8   137.2   161.1   338.8   422.9   476.6   520.5   576.6   658.9   843.6  2008.9  9775.1 31509.5  86488.2    86505
read      377.4   505.8    68.9   133.4   155.3   318.0   397.5   447.0   484.5   531.5   592.9   702.8  1345.1  6169.7 26371.1  92988.8    93039
read      380.5   504.3    68.9   130.6   151.0   319.5   400.7   451.2   488.7   534.2   594.3   711.2  1553.1  6263.2 21722.2  76024.1    75999
read      392.6   415.6    68.9   126.1   144.8   305.6   393.6   459.6   515.8   609.6   782.0   984.0  1330.9  3671.5 12554.8  32264.0    32324
read      391.1   565.9    68.9   133.4   155.0   322.2   405.1   456.4   495.3   542.3   605.9   727.2  1646.5  7182.4 28890.7  84172.7    84255
read      383.5   500.5    68.9   132.8   153.6   321.0   404.5   455.3   493.4   540.2   604.4   721.6  1537.2  5986.8 18044.1  81656.2    81759
read      375.2   428.2    68.9   126.8   145.4   313.5   395.7   446.3   484.8   531.8   592.8   748.6  1453.8  5114.9 12246.4  37297.4    37291
read      360.9   362.8    68.9   128.2   146.6   317.1   399.5   447.1   482.2   524.6   578.9   668.7  1314.0  3711.6 12182.2  53834.1    53818
read      405.8   415.9    68.9   128.6   147.9   319.4   421.9   492.0   549.0   639.2   785.8   982.9  1316.5  4404.4 13545.1  30345.9    30297
read      393.1   549.8    68.9   126.6   145.6   311.5   402.5   463.7   510.2   573.0   685.5   912.1  1300.1  6512.2 29213.0  31617.4    31569
read      376.5   436.6    68.9   126.4   144.9   314.9   396.6   447.3   485.3   532.1   593.3   742.8  1455.2  5339.7 14658.7  38820.7    38927
read      541.8  1777.4    74.4   132.4   154.5   324.0   388.1   428.8   458.2   493.0   537.8   627.9  8187.3 31144.9 40166.5  10651.2    10652
read      391.2   471.5    68.9   138.8   162.6   330.6   412.7   462.9   501.4   547.9   613.9   738.8  1564.1  5653.3 18410.5  98119.5    98119
read      360.0   369.0    68.9   127.7   146.2   317.2   399.6   447.1   481.7   524.3   578.7   666.3  1249.6  3871.0 11216.6  48057.9    48176
read      365.4   447.4    74.4   126.5   144.8   309.0   387.4   437.0   473.7   518.4   576.5   699.0  1336.4  5062.6 13711.3  34920.6    34929
read      362.3   364.1    63.8   130.1   149.4   314.0   397.4   446.4   482.7   526.9   583.5   679.3  1286.6  3898.6 11546.2  69864.5    69735
read      405.9   596.9    68.9   129.7   149.7   346.0   453.2   520.8   568.2   618.8   676.3   762.6   972.1  8462.7 29723.1  20757.1    20753
read      841.5   754.0    74.4   233.0   264.3   496.9  1054.7  1474.3  1584.7  1680.1  1779.0  1939.9  2757.7  4651.7 19773.0  84758.5    84642
read      452.7   475.3    63.8   128.8   147.9   304.9   409.7   504.0   625.1   847.2  1070.5  1308.4  1712.8  2930.8 13795.4  42338.6    42333
read      443.8   469.2    63.8   131.3   152.0   297.5   383.8   451.9   518.5   664.2  1067.8  1488.0  1957.2  2554.0 11992.4  61582.5    61587
read      800.8   780.5    68.9   217.8   250.4   470.2   734.5  1400.5  1514.3  1639.8  1755.0  1946.1  2816.5  5159.8 22673.9  78047.4    77998
read      837.0   853.9    74.4   219.8   257.7   474.9   861.3  1466.4  1590.0  1688.4  1794.0  1956.7  2766.3 10173.5 25470.2  97556.4    97625
read      452.7   602.2    68.9   127.0   143.9   313.5   432.7   533.7   624.1   726.7   879.9  1288.5  1877.2  6924.2 23101.1  23818.8    23781
read      444.3   475.0    63.8   132.3   153.3   295.5   379.0   443.3   505.6   637.2  1043.1  1537.2  2054.9  2672.2 11100.6  66753.1    66723
read      422.2   359.9    63.8   128.5   148.4   321.5   455.0   568.6   663.7   755.7   858.5   985.0  1188.9  1972.1 10856.8  30957.7    31016
read      447.1   432.5    63.8   130.5   151.0   307.5   405.0   492.7   591.7   823.9  1080.0  1311.7  1640.3  2177.2 10980.3  47473.1    47394
read      827.2   791.0    74.4   208.5   251.8   478.8   848.8  1451.3  1564.2  1674.2  1783.2  1959.5  2805.2  5795.3 21279.0  95401.6    95335
read      393.8   880.2    74.4   132.0   155.4   281.4   324.0   350.0   373.3   411.4   511.8   986.3  2015.6 14999.2 29807.4   5241.3     5252
read      443.5   460.6    63.8   132.9   153.7   295.2   378.2   444.4   508.8   653.4  1055.8  1527.7  2004.3  2613.1 10520.3  65852.8    65908
read      371.2   372.7    68.9   131.4   151.6   341.0   427.8   480.1   515.6   552.4   597.3   661.9   795.4  3822.8 17622.2  16785.0    16889
read      445.2   396.0    63.8   133.2   153.5   312.9   427.5   534.0   660.8   838.7  1018.3  1216.1  1478.0  1869.4 11341.3  42856.1    42912
read      850.3   777.7    80.4   233.6   264.5   507.2   937.8  1473.7  1592.6  1693.1  1804.6  1976.6  2841.7  6806.2 19688.2  99958.8    99898
read      479.6   678.3    63.8   131.0   150.0   313.1   437.0   552.7   665.9   797.8   995.4  1430.6  1952.8  7640.3 26428.7  26409.4    26385
read      395.6   334.1    68.9   129.0   149.3   341.7   456.2   533.9   588.0   643.0   706.9   797.1   970.4  2750.2 13803.3  22564.2    22616

Total QPS = 51575.0 (46417500 / 900.0s)

Total connections = 64
Misses = 0 (0.0%)
Skipped TXs = 0 (0.0%)

RX 11465122253 bytes :   12.1 MB/s
TX          0 bytes :    0.0 MB/s
Warning! Detected max cpu usage > 95%
CPU Usage Stats (avg/min/max): 99.96%,50.00%,100.00%
ubuntu@client-measure-0r2f:~/memcache-perf-dynamic$
